38.4107418163	80.0	0.00771898845052
36.3589743243	80.0	0.000362565856123
37.7453761759	80.0	0.00561776861505
37.3345921098	80.0	0.00284164511554
38.9295245302	80.0	0.00813036226964
40.0363062692	80.0	0.00860003799744
37.4025413084	80.0	0.00324923580573
37.817701289	80.0	0.00613485292223
36.7788125958	80.0	0.000867284441736
37.9163840563	80.0	0.00681207836743
38.028373542	80.0	0.00736847254846
38.1917136952	80.0	0.0075226201811
37.8526182487	80.0	0.00637938558128
37.447264102	80.0	0.00353259565635
37.0864467128	80.0	0.00162121505898
36.7037904718	80.0	0.000749729915093
36.8204067492	80.0	0.000938431256455
36.9687821822	80.0	0.00122948404849
37.6196695235	80.0	0.00471209971897
40.3124228397	80.0	0.00862647922058
38.101165578	80.0	0.00743794101042
35.492535598	80.0	0.000347324544125
35.8568961434	80.0	0.000195541446227
37.3857950534	80.0	0.00314612054185
35.4357779029	80.0	0.000378238038536
36.8647780665	80.0	0.00101924059716
38.0156652115	80.0	0.00735622085304
35.8774367581	80.0	0.000189045587997
38.2495606163	80.0	0.00757567324616
39.5281433443	80.0	0.00879664137946
37.4447956995	80.0	0.0035166660187
34.9350350095	80.0	0.000847267645567
36.4565224853	80.0	0.000449546918163
38.4797444731	80.0	0.00777822644292
38.0502869648	80.0	0.00738951304836
38.4028521727	80.0	0.00771213269646
39.1989865877	80.0	0.00851026101453
37.1782567908	80.0	0.00202169700664
38.5384013975	80.0	0.00782754446125
36.8869585955	80.0	0.00106159053262
37.3699055543	80.0	0.00304986159815
37.9169602149	80.0	0.00681588784402
38.277657336	80.0	0.00760113937671
39.2995079961	80.0	0.00863363132367
37.1002258289	80.0	0.00167747795105
35.3275657692	80.0	0.000443602542522
38.0109028726	80.0	0.00735162032061
36.0360910959	80.0	0.00016867035594
38.8797607566	80.0	0.00809446575831
38.822029851	80.0	0.00805183103847
36.7695528585	80.0	0.000852036518559
37.6086903778	80.0	0.00463393859365
36.5948163803	80.0	0.000601989431182
39.1200797841	80.0	0.00839247211565
37.3810115715	80.0	0.00311697815877
36.5729310308	80.0	0.000575382051436
39.2938500319	80.0	0.0086275033331
38.0007688615	80.0	0.00734181381088
39.9695602838	80.0	0.00863080795858
37.2861869822	80.0	0.00256959850108
38.1900124723	80.0	0.0075210474375
37.4829672431	80.0	0.0037665430286
38.2317764969	80.0	0.00755945144213
36.9957719176	80.0	0.0012890019746
39.0133128375	80.0	0.00820530294763
38.8949337636	80.0	0.0081054950849
38.0428045813	80.0	0.00738234095832
38.0337883886	80.0	0.00737368179839
38.1460364074	80.0	0.0074801486905
38.0691409411	80.0	0.0074075284947
38.4953577616	80.0	0.00779144814133
36.5329369828	80.0	0.000529243477485
37.8079339251	80.0	0.00606572196708
37.327076329	80.0	0.00279837513647
38.2074392721	80.0	0.00753712453742
37.5430457557	80.0	0.00417368977295
37.5990179604	80.0	0.00456532120581
36.9282093755	80.0	0.0011439066941
37.1607351466	80.0	0.00194059728115
38.0071876347	80.0	0.0073480278003
37.3622219273	80.0	0.00300387857335
37.6802698954	80.0	0.0051473944376
38.9848884695	80.0	0.00816935337283
40.0455203483	80.0	0.0086009473329
38.4466992709	80.0	0.00775002024566
37.9495982795	80.0	0.00702823134141
37.477589071	80.0	0.00373089164245
37.2509968169	80.0	0.00238190418134
38.3077128151	80.0	0.0076281582175
37.3846363828	80.0	0.00313904872296
37.9407778915	80.0	0.00697154090589
37.2874860318	80.0	0.00257669176311
36.8910329561	80.0	0.00106951392064
38.7233365415	80.0	0.00797653235607
38.8421550839	80.0	0.00806681347404
37.4011838471	80.0	0.00324081470658
36.7137820153	80.0	0.000764611210859
39.5565223631	80.0	0.00880510631979
38.7710391042	80.0	0.00801330304259
38.047658989	80.0	0.00738699550451
37.9485670752	80.0	0.00702163142104
37.056650801	80.0	0.00150413426104
37.7018020786	80.0	0.00530297639594
38.793478788	80.0	0.00803035792276
37.2340208897	80.0	0.00229446659926
37.5579081364	80.0	0.00427666798778
36.3552977575	80.0	0.000359586542079
37.8244705175	80.0	0.00618259272354
37.9330036873	80.0	0.00692113733972
40.1697060678	80.0	0.00861302171406
37.0397378619	80.0	0.00144043745004
38.9323096619	80.0	0.00813234765174
37.7206999488	80.0	0.00543959275555
36.9283737309	80.0	0.00114424404622
38.4146165562	80.0	0.00772234927969
38.5017310913	80.0	0.00779682567156
39.7600529301	80.0	0.00878837419873
37.5110911854	80.0	0.00395518922367
38.8698245443	80.0	0.00808720317649
36.8399394715	80.0	0.000973369485107
38.7372840474	80.0	0.00798735558758
37.6912924303	80.0	0.00522701311585
38.0486449718	80.0	0.0073879402389
38.7485360051	80.0	0.00799604380258
37.468706493	80.0	0.00367232193615
37.5268848817	80.0	0.0040626639024
38.0602083255	80.0	0.00739900330022
36.8114975541	80.0	0.000922822397244
36.4769962987	80.0	0.000469853141628
38.484737669	80.0	0.00778246218151
35.4082487322	80.0	0.000394046578968
37.8062896774	80.0	0.00605405738092
38.6748980142	80.0	0.00793848679081
38.3591905027	80.0	0.00767389131977
38.1859214673	80.0	0.00751726249736
38.7895292054	80.0	0.00802736744029
37.301633793	80.0	0.002654692439
36.9268590545	80.0	0.00114113789763
38.8366645929	80.0	0.00806273868311
37.0575845044	80.0	0.00150770868924
36.7680242658	80.0	0.000849539784888
39.2083052014	80.0	0.00852297365132
37.546041798	80.0	0.00419438354141
38.9319877668	80.0	0.00813211831745
37.9013152863	80.0	0.00671175151457
38.5943551404	80.0	0.00787367881274
38.9537070663	80.0	0.00814751660414
38.2102404935	80.0	0.00753970183769
36.3186269514	80.0	0.000330984696998
37.5401863816	80.0	0.00415397161152
38.3666782408	80.0	0.00768048553936
38.2684371433	80.0	0.00759280447541
36.4760254036	80.0	0.000468873295148
37.9575689243	80.0	0.00707899043486
36.703023635	80.0	0.000748597402352
36.6087910548	80.0	0.00061949708907
37.5329989571	80.0	0.00410454673686
39.4877905979	80.0	0.0087800775533
37.1061691918	80.0	0.00170216227891
38.6361595273	80.0	0.00790755484122
38.3073645423	80.0	0.00762784646185
39.4892733304	80.0	0.00878077997908
37.0516896145	80.0	0.00148524365461
37.5888082963	80.0	0.00449316051785
37.2990919146	80.0	0.00264057758726
39.1824862815	80.0	0.00848712332378
37.2682483054	80.0	0.00247284005995
37.359225368	80.0	0.00298604663961
38.7900695609	80.0	0.00802777686444
36.9088522734	80.0	0.00110469795665
38.0133190651	80.0	0.00735395505272
38.7776119495	80.0	0.00801831477101
38.0960324862	80.0	0.00743308235736
35.5491687751	80.0	0.000318635318884
36.5412861439	80.0	0.00053861555672
38.5205242101	80.0	0.0078126161074
36.4825021791	80.0	0.000475441961381
37.4910515611	80.0	0.00382039497309
37.3846143593	80.0	0.00313891438408
36.9721161899	80.0	0.00123672325334
39.7291118446	80.0	0.00879967257164
38.1845816324	80.0	0.00751602201305
38.9384222268	80.0	0.00813669615957
38.6191014017	80.0	0.00789379361932
39.4985017372	80.0	0.0087849911817
37.7756898989	80.0	0.00583575759124
36.5450909634	80.0	0.000542931511962
40.2103947479	80.0	0.00861690417056
37.367592199	80.0	0.0030359781262
36.5645731616	80.0	0.000565477728329
37.328515757	80.0	0.00280663335811
37.438681966	80.0	0.00347735330788
36.1852097655	80.0	0.000242640669282
39.3064898361	80.0	0.0086410569932
37.2453358666	80.0	0.00235252003326
38.2896678295	80.0	0.00761196417505
36.9254732563	80.0	0.0011383016231
38.1160305235	80.0	0.00745197638807
37.8241809588	80.0	0.00618055363571
37.7807751588	80.0	0.00587217939213
