35.314089808	80.0	0.00615283538905
35.4752956544	80.0	0.00781154332439
36.6163858574	80.0	0.00427807246172
34.4227877587	80.0	0.00035066409816
34.9347484331	80.0	0.00296364503135
36.7676515755	80.0	0.00295925263501
34.1216186883	80.0	8.06220569901e-05
36.080191338	80.0	0.0136630278662
35.9477378647	80.0	0.0149124731983
35.4049066847	80.0	0.00704636061414
36.7756417218	80.0	0.00290074298525
35.1620200079	80.0	0.00487114092
34.6992252291	80.0	0.00117534049519
34.7683875106	80.0	0.00155772260341
36.839157032	80.0	0.00247052984573
35.7629383806	80.0	0.0116893127262
35.8949292808	80.0	0.0139271587965
33.6525723264	80.0	4.02741416642e-07
33.8732077118	80.0	8.7699102781e-06
36.0568281444	80.0	0.0142982483759
35.1478335281	80.0	0.00476415523124
36.7831239631	80.0	0.00284687200716
36.2510304528	80.0	0.00967282561755
36.8145831051	80.0	0.00262983238254
36.1732872938	80.0	0.0113513935446
35.5846824259	80.0	0.00913700888527
37.3341109781	80.0	0.000374610489286
31.0931402336	80.0	2.94269155272e-17
35.7932448086	80.0	0.0121756692693
35.5614135734	80.0	0.00884053589508
36.815373593	80.0	0.0026245709611
33.6623441677	80.0	4.65755049568e-07
35.2789116874	80.0	0.00583342973272
35.9857955425	80.0	0.0156559293864
34.2788503776	80.0	0.000177162751783
35.9773538288	80.0	0.0154885695167
35.2359844977	80.0	0.00546280139795
35.8853296634	80.0	0.0137537129707
36.29698122	80.0	0.0087802003114
36.2858897631	80.0	0.0089891834702
32.9014966086	80.0	1.23837220978e-12
34.513414512	80.0	0.000529055414381
34.8008572752	80.0	0.00177281615217
34.4236460274	80.0	0.000352056293432
36.3981950763	80.0	0.00705237787905
34.4169934715	80.0	0.000341396632801
36.0041353147	80.0	0.0158164415458
34.1198721061	80.0	7.99006122218e-05
34.2279898629	80.0	0.000137983852495
33.5265752633	80.0	5.73935056101e-08
35.4863137336	80.0	0.00793736211259
33.9849402681	80.0	3.55429160218e-05
35.7161343475	80.0	0.0109690931533
35.1212206811	80.0	0.00456887820718
33.950634226	80.0	2.33960084788e-05
35.4290438268	80.0	0.00730135361233
36.4248788444	80.0	0.0066475463519
35.8829882231	80.0	0.0137116687812
36.0222603216	80.0	0.0152806207207
35.713098905	80.0	0.0109236542703
35.3816219219	80.0	0.00680748606856
35.0135227458	80.0	0.00384717780352
36.3727491223	80.0	0.00745747411815
35.687775751	80.0	0.0105505024889
33.9953628013	80.0	4.02765397725e-05
36.1287350636	80.0	0.0124148809697
35.2145406697	80.0	0.00528528331889
35.5566800892	80.0	0.00878120766348
33.1844885492	80.0	1.44711830552e-10
32.6774001374	80.0	8.95725162992e-14
34.3253089862	80.0	0.000221718724055
33.9579530133	80.0	2.56010429661e-05
35.2873234218	80.0	0.00590849898715
35.8435100154	80.0	0.0130180191309
34.9194386337	80.0	0.00279897632149
36.2053942998	80.0	0.0106316094178
34.7186272104	80.0	0.00127305443842
33.5537913503	80.0	8.84489057447e-08
33.8569551485	80.0	7.09056704283e-06
35.8285098907	80.0	0.0127619140598
34.8043393051	80.0	0.00179738075603
35.1663328476	80.0	0.00490407028341
35.9658705748	80.0	0.0152631610108
32.0810419717	80.0	4.41365143127e-17
36.3401495802	80.0	0.00800466517918
34.487756563	80.0	0.000471593511036
34.786298577	80.0	0.0016733082254
35.2476219045	80.0	0.00556124385067
32.8570966289	80.0	7.43503690773e-13
34.9448570189	80.0	0.00307695339943
32.9734099912	80.0	2.79944143872e-12
34.8269055719	80.0	0.00196403009827
36.6641766258	80.0	0.00381525333474
35.2020243691	80.0	0.00518395854589
34.6842366359	80.0	0.00110452051282
34.1443570592	80.0	9.05866891777e-05
35.8604935687	80.0	0.0133129190139
34.6462124679	80.0	0.000941752993137
36.7989822732	80.0	0.0027355799571
34.041852813	80.0	5.31866632353e-05
36.5743875133	80.0	0.00472389928025
36.8664542212	80.0	0.00230357516129
35.7248681619	80.0	0.0111006888038
36.3374091496	80.0	0.00805214645853
34.6502153269	80.0	0.000957805809074
34.3084737881	80.0	0.000204496745497
34.7746919215	80.0	0.00159756917562
36.874977438	80.0	0.00225352268908
34.7648261022	80.0	0.00153560662172
35.1752452388	80.0	0.0049727214826
35.5690336272	80.0	0.00893673807311
36.6357405376	80.0	0.00408511620241
34.9012429586	80.0	0.00261372872642
37.6675365248	80.0	7.07989275421e-05
37.3284807553	80.0	0.000384627074118
33.686233088	80.0	6.62187742369e-07
35.9718425079	80.0	0.0153800630731
35.8536143833	80.0	0.0131928354801
36.8679478329	80.0	0.00229473379508
36.2857489898	80.0	0.00899186201005
35.181531049	80.0	0.00502163273099
36.5193427527	80.0	0.00536800274844
36.5979913321	80.0	0.00446867400035
35.5658747338	80.0	0.00889675323653
37.51486057	80.0	0.000155704194075
36.7940289702	80.0	0.00276992529894
36.8848378891	80.0	0.00219681570965
37.6732363385	80.0	6.86894782157e-05
35.6559812566	80.0	0.0100967457921
35.479968517	80.0	0.00786469997909
35.5095186968	80.0	0.00820786196914
37.1988625813	80.0	0.000694876181698
35.1758478617	80.0	0.00497739291487
36.111499022	80.0	0.0128471580536
34.549589565	80.0	0.000620942165521
38.0146501547	80.0	1.08289300863e-05
35.5429260244	80.0	0.00861068038978
37.1589601143	80.0	0.000828508958282
36.6473670813	80.0	0.00397285125814
35.4134064416	80.0	0.00713529045424
35.4597545177	80.0	0.0076369002332
35.7786907553	80.0	0.011940115289
35.6440119501	80.0	0.0099301077622
35.6962017824	80.0	0.0106734967871
35.757983601	80.0	0.0116113086245
34.215383432	80.0	0.000129604434203
34.3574625988	80.0	0.000258387397327
35.7677667061	80.0	0.0117657318853
34.3050097717	80.0	0.000201110237307
36.2261810727	80.0	0.0101857162017
35.7672740457	80.0	0.0117579160278
35.0404369312	80.0	0.00401762031204
35.8071987472	80.0	0.0124050004111
35.0660978528	80.0	0.00418615465953
34.9485536607	80.0	0.00311932324077
35.2813640135	80.0	0.00585523123526
31.00211239	80.0	3.15565076874e-17
36.6754300514	80.0	0.0037127937864
33.3845133591	80.0	5.41040452678e-09
35.4273157128	80.0	0.00728284430059
34.2152262332	80.0	0.000129502996039
34.0957705038	80.0	7.05413707266e-05
34.4435040998	80.0	0.000385718605236
35.1407662722	80.0	0.00471161332177
37.0830513338	80.0	0.00114848996479
35.5963193574	80.0	0.00928831913286
35.2657907171	80.0	0.00571794766216
34.9521516294	80.0	0.00316104966734
34.8268439304	80.0	0.00196355684632
34.8122188239	80.0	0.00185408678563
34.8568199944	80.0	0.00220596296664
33.4174467709	80.0	9.50062530041e-09
35.8136728671	80.0	0.0125125712017
33.2654122241	80.0	6.52974036116e-10
35.7635290448	80.0	0.0116986397881
33.915652067	80.0	1.51145429059e-05
35.5070738011	80.0	0.00817900615079
35.3727650422	80.0	0.00671842768237
31.0995376468	80.0	2.92826959446e-17
36.6659896501	80.0	0.00379858277539
36.7920146429	80.0	0.00278399992433
35.4114462002	80.0	0.00711469823084
34.4907665439	80.0	0.000478026005278
35.2602555333	80.0	0.00566981541198
35.4217186627	80.0	0.00722316509655
37.1942263192	80.0	0.00070932957342
35.3204118435	80.0	0.00621177607124
34.9304820737	80.0	0.00291692736274
35.9140127689	80.0	0.0142771005099
33.9032515907	80.0	1.29130583902e-05
35.901341677	80.0	0.0140439798273
34.1065220378	80.0	7.45821409513e-05
35.2417053988	80.0	0.0055110085803
38.1785721664	80.0	9.25485187547e-06
36.4885763765	80.0	0.00575954859256
34.8074170542	80.0	0.00181934435454
34.9064065919	80.0	0.00266517337525
35.1899363408	80.0	0.00508767763803
34.0838335123	80.0	6.62952849336e-05
36.9351537241	80.0	0.00192662019415
