134.509011765	80.0	0.00686975433369
135.826750203	80.0	0.00239617582055
134.262869515	80.0	0.00798644138562
134.107724784	80.0	0.00808070526004
133.148766083	80.0	0.00512437104049
131.363830568	80.0	0.00125629567054
132.747501433	80.0	0.00313909223084
132.5767856	80.0	0.00233260660685
134.258671162	80.0	0.00799574651992
132.459020745	80.0	0.00185635682243
132.563458382	80.0	0.00227528661889
133.779167364	80.0	0.00736361723051
135.077248794	80.0	0.00306267448866
133.6752618	80.0	0.00706641456674
134.753751291	80.0	0.00503703485493
132.678171992	80.0	0.00279605138885
133.834025979	80.0	0.00750333730219
131.468190977	80.0	0.00113135075072
136.152962799	80.0	0.00225494709714
134.065525683	80.0	0.00801681811762
134.589637618	80.0	0.00631282918306
135.132034959	80.0	0.0030110328492
135.581738545	80.0	0.00260421680042
133.029976905	80.0	0.00464365598547
133.282421444	80.0	0.00565983922727
134.044127987	80.0	0.00797010878241
134.310977148	80.0	0.00785413027812
136.25239504	80.0	0.0022548039652
134.493949278	80.0	0.00696569050917
135.12476494	80.0	0.00301786073858
137.010939532	80.0	0.00224100439645
132.959563362	80.0	0.00429127764731
134.130595211	80.0	0.00809941831797
131.778086122	80.0	0.0008150323301
133.29626232	80.0	0.00571443362663
135.306145184	80.0	0.00284983898702
133.051256114	80.0	0.00472965202285
134.17723084	80.0	0.00810253565865
134.973603123	80.0	0.00332530475018
133.811897343	80.0	0.00744849123475
132.463298201	80.0	0.0018724484897
133.837715513	80.0	0.00751227829536
133.758950289	80.0	0.00730902048382
135.755064173	80.0	0.00245601132383
135.903960387	80.0	0.00233270101827
133.952075584	80.0	0.00775914215358
135.267346127	80.0	0.00288536724818
134.4490061	80.0	0.00723386129361
134.48662062	80.0	0.007011313902
131.100666483	80.0	0.00161545270255
133.956221632	80.0	0.00776694817065
134.037495369	80.0	0.0079537092862
133.342411238	80.0	0.00589476006537
135.454758652	80.0	0.00271589784882
133.762333379	80.0	0.00731826970777
132.108962934	80.0	0.000840606314259
132.688740968	80.0	0.00284704081094
135.117520396	80.0	0.00302467230166
134.63036301	80.0	0.00600909799786
134.978175497	80.0	0.00329219224204
135.223432386	80.0	0.00292585296633
132.905444989	80.0	0.00398570938349
134.73825932	80.0	0.00516139251768
133.020449337	80.0	0.00460520198257
134.264660953	80.0	0.0079823597128
134.898703239	80.0	0.00388662574052
134.217217973	80.0	0.00806777720464
135.085438526	80.0	0.00305492747707
133.157269504	80.0	0.00515873840622
135.911428992	80.0	0.00232661486484
133.210187949	80.0	0.00537192807403
134.029059469	80.0	0.00793155231325
132.87566292	80.0	0.00382031789402
134.500592726	80.0	0.0069237304391
132.151473874	80.0	0.000933917487492
133.590975144	80.0	0.00679748727063
134.691662752	80.0	0.00553281365995
134.723808712	80.0	0.0052771046549
136.401574262	80.0	0.00225458923325
131.59726484	80.0	0.000989941084628
134.175443001	80.0	0.00810328437438
132.689857417	80.0	0.0028524552917
131.490197392	80.0	0.00110622921021
132.254256149	80.0	0.0011921972221
133.885258901	80.0	0.00762214901964
133.569835847	80.0	0.00672657312209
134.552036086	80.0	0.00658092271184
135.412323739	80.0	0.00275379216675
133.242266235	80.0	0.00550033640831
132.304366729	80.0	0.00133580309195
135.115255532	80.0	0.00302680335744
133.062076922	80.0	0.00477342883765
134.953930727	80.0	0.00346939870954
135.193145157	80.0	0.00295394357824
133.240978892	80.0	0.00549519847336
132.936703041	80.0	0.00416150188721
133.662816754	80.0	0.00702817880376
134.49404072	80.0	0.00696511681415
132.561320601	80.0	0.00226617219984
133.407859034	80.0	0.00614505262078
132.439812643	80.0	0.00178522653995
133.420338087	80.0	0.00619192619839
134.552428802	80.0	0.00657819315489
133.003453762	80.0	0.00453670167858
132.983755748	80.0	0.00442953241302
133.577083051	80.0	0.0067510315181
133.236462448	80.0	0.00547716204731
134.537692401	80.0	0.00667951095354
135.000386445	80.0	0.00313584313595
133.257875801	80.0	0.00556252187307
134.74490809	80.0	0.00510805092214
133.570349884	80.0	0.00672831290751
136.986184335	80.0	0.00225374785236
134.036738413	80.0	0.0079517803779
133.573051082	80.0	0.00673744280935
137.476658921	80.0	0.00174074510593
135.378168174	80.0	0.00278449806
135.552447014	80.0	0.00262974925557
134.819719441	80.0	0.00450768278373
133.861267097	80.0	0.00756795610413
135.150720043	80.0	0.0029935192868
135.604863722	80.0	0.00258415774319
133.746676986	80.0	0.00727508956744
133.989398092	80.0	0.00782640686745
134.73243896	80.0	0.00520803986938
133.977484479	80.0	0.00780567388752
135.022674678	80.0	0.00311454078796
132.927661338	80.0	0.0041104416503
132.622537193	80.0	0.00253584582063
132.948804577	80.0	0.0042300859222
134.490658375	80.0	0.0069862647174
134.464210043	80.0	0.00714632187811
133.782145532	80.0	0.00737152149615
133.364884518	80.0	0.00598149341264
132.798465805	80.0	0.00340334311871
135.449269155	80.0	0.00272078397965
131.044534424	80.0	0.00170044954942
134.740573099	80.0	0.00514283561929
132.853450854	80.0	0.00369849036645
136.470305568	80.0	0.00225449030404
135.351790529	80.0	0.00280833570811
134.669156252	80.0	0.00570979015024
134.654669101	80.0	0.00582251941866
134.838737678	80.0	0.00435625462649
132.939025672	80.0	0.00417464400028
133.320900416	80.0	0.00581105407905
135.787449401	80.0	0.00242887274664
135.784223274	80.0	0.00243156832478
134.187675687	80.0	0.00809678028347
132.87503238	80.0	0.00381684078581
134.428948503	80.0	0.00734404433127
135.34002352	80.0	0.00281900431052
134.342171116	80.0	0.00774386812565
136.726381071	80.0	0.00225412174207
133.603122056	80.0	0.00683763524898
134.20590809	80.0	0.00808109499249
133.01660076	80.0	0.0045896791181
134.106456645	80.0	0.008079338389
135.615791501	80.0	0.00257470918238
134.270180176	80.0	0.00796936789931
133.870369525	80.0	0.00758882013905
134.031731433	80.0	0.00793872695784
134.978476693	80.0	0.00329001617702
135.373964234	80.0	0.0027882899644
133.833811045	80.0	0.0075028146366
134.221690402	80.0	0.0080617563175
132.889707216	80.0	0.00389803500956
133.716734162	80.0	0.00718988495615
133.12958781	80.0	0.00504678943827
134.068946348	80.0	0.00802340013742
133.777850718	80.0	0.00736011134417
133.097434072	80.0	0.00491659115995
132.753590657	80.0	0.00317015289269
135.471546979	80.0	0.00270098438199
132.864328783	80.0	0.00375798063265
134.19198482	80.0	0.00809371933086
134.36742437	80.0	0.00764116930422
133.556257024	80.0	0.00668034371847
134.090423077	80.0	0.00805908815562
135.967786155	80.0	0.0022809973253
132.740904112	80.0	0.00310560317332
134.245691949	80.0	0.00802219139454
134.643935233	80.0	0.0059053392754
132.32764728	80.0	0.00140661861401
135.026018211	80.0	0.00311135111616
134.469237621	80.0	0.00711664095654
133.612436607	80.0	0.00686811649657
133.968745119	80.0	0.00779002292347
133.530415006	80.0	0.00659096176217
134.24963734	80.0	0.00801452524067
134.024843011	80.0	0.00791993622712
133.061064001	80.0	0.00476932989298
132.97511654	80.0	0.00438006459729
135.209709231	80.0	0.00293856396794
133.53424617	80.0	0.0066043259606
134.523241177	80.0	0.00677656247436
134.262338609	80.0	0.00798763826042
134.11728461	80.0	0.00808989763312
135.13405144	80.0	0.00300914035782
133.496890297	80.0	0.00647241537353
