45.7347732971	80.0	0.00184579606385
28.761356254	80.0	1.53579817976e-06
187.90721893	80.0	0.0272416724216
186.971322322	80.0	0.0253771581172
42.6899037844	80.0	0.000706014470247
185.785104171	80.0	0.000711044560445
42.4175684328	80.0	0.000268221436345
43.3002665511	80.0	0.000402170001657
187.269135932	80.0	0.0263774526604
22.6279812643	80.0	0.0166912393544
44.0213448571	80.0	3.35128720449e-06
195.283636286	80.0	0.000331332563056
43.1398284469	80.0	0.000948750951355
163.71611576	80.0	6.03892465571e-21
46.0283481565	80.0	0.00436236173582
42.2784712079	80.0	0.000156627893013
32.0611193118	80.0	1.82208645153e-14
31.3662040277	80.0	1.34360655814e-14
32.148368192	80.0	5.13260268977e-14
30.5337181841	80.0	6.00801826145e-14
45.083408267	80.0	0.000185405880593
187.019103062	80.0	0.0259387386783
188.219137943	80.0	0.0277147546731
33.3067206023	80.0	6.7063119016e-08
164.191453831	80.0	5.06471833426e-21
40.0993590426	80.0	4.2459316068e-06
197.241904833	80.0	0.0020846024183
44.8439971939	80.0	7.80015465009e-05
32.6835978003	80.0	1.92460769413e-11
31.0836793656	80.0	1.62754987104e-14
202.036602713	80.0	0.0
202.814133543	80.0	0.0
186.508383361	80.0	0.012684975403
186.40667052	80.0	0.00994062057587
42.2227891306	80.0	0.000125243985525
44.0569886135	80.0	3.89483373843e-06
31.0947339095	80.0	1.6154062349e-14
40.350219194	80.0	4.48289856317e-06
39.4542290327	80.0	1.59213981656e-05
46.0585231791	80.0	0.0049600504824
30.117160496	80.0	1.7907249157e-13
44.6033455842	80.0	3.33016198204e-05
39.3794374621	80.0	1.89743638523e-05
186.918731374	80.0	0.0242746140034
46.2023848647	80.0	0.00858622143395
32.9261395404	80.0	2.21796574298e-10
202.069424945	80.0	0.0
20.0853068487	80.0	1.09871473751e-06
193.828895901	80.0	0.000403163603847
185.268572664	80.0	8.43287102579e-06
43.4505014199	80.0	0.00016487388907
39.8578444848	80.0	5.95944339826e-06
45.1126814303	80.0	0.000208689208535
42.6210873009	80.0	0.000558777135526
40.1122386735	80.0	4.25780453479e-06
195.154064479	80.0	0.000247442935513
187.62170439	80.0	0.026901959478
37.6634238847	80.0	0.000399103229603
185.11156177	80.0	1.55305340771e-06
196.723197281	80.0	0.0017448071076
162.849810433	80.0	2.3245528955e-19
30.6491410218	80.0	4.42148117277e-14
43.9486962009	80.0	4.66047640166e-06
46.6465282836	80.0	0.0241121596358
187.56795296	80.0	0.0268293580194
200.560443804	80.0	0.0
23.7954032091	80.0	0.0277905245021
20.6681377896	80.0	0.00121411822266
22.2289502089	80.0	0.016617152004
40.1224971333	80.0	4.26728356219e-06
200.767821489	80.0	0.0
22.0278549157	80.0	0.0165798183255
184.495210929	80.0	1.77336652425e-07
42.3690172163	80.0	0.000223050467496
44.9015752229	80.0	9.48063076664e-05
21.0590373953	80.0	0.0112839457266
195.694603583	80.0	0.000786388561894
187.696309964	80.0	0.0269982341646
185.976396011	80.0	0.00236539667159
187.480303865	80.0	0.0267052208603
186.250303549	80.0	0.00640831891691
20.8663348446	80.0	0.00528574483416
186.223516551	80.0	0.00589778120367
41.259257205	80.0	9.54179463747e-06
42.529836061	80.0	0.000405242167502
187.444562415	80.0	0.026652574138
164.14301351	80.0	4.05175519388e-21
187.475948233	80.0	0.0266988675445
45.5359628656	80.0	0.000985779143396
186.761042489	80.0	0.0201550924491
32.7847980138	80.0	5.43557910074e-11
31.4369682881	80.0	1.28048093595e-14
31.6390739786	80.0	1.11580202138e-14
48.2468832078	80.0	0.0179484831844
29.1135026709	80.0	2.76567624327e-08
21.6408899785	80.0	0.0144930607515
194.038597245	80.0	0.000565920042543
185.619505463	80.0	0.00020726697689
185.845033888	80.0	0.00106305341205
186.68194647	80.0	0.0178206236108
32.0447729097	80.0	1.4974843423e-14
44.5947631294	80.0	3.22716575287e-05
45.0809177757	80.0	0.000183537233654
39.0005483518	80.0	4.46891485743e-05
187.805623806	80.0	0.027129751064
186.58680321	80.0	0.0149676107041
185.853878746	80.0	0.00112583113468
40.8302855083	80.0	4.97154060209e-06
39.4761097905	80.0	1.51189355439e-05
42.1898073006	80.0	0.000109462921212
31.9265993241	80.0	9.16819147311e-15
200.877348413	80.0	0.0
29.6760204193	80.0	2.57420416273e-11
23.4510229292	80.0	0.0253491189817
185.038972617	80.0	6.72883620155e-07
186.227761746	80.0	0.00597680214548
30.9926960511	80.0	1.75685287974e-14
41.1296750874	80.0	7.03494059096e-06
184.786178593	80.0	2.94043761117e-07
41.2503727702	80.0	9.34617169906e-06
185.410310942	80.0	3.38442491967e-05
202.912726777	80.0	0.0
43.511904578	80.0	0.000111746139299
30.4348063055	80.0	7.80269574724e-14
186.80130242	80.0	0.0212948469995
32.2644839224	80.0	1.97603820773e-13
42.1907774715	80.0	0.000109900029972
38.0926127911	80.0	8.92529479222e-05
186.491429449	80.0	0.0122077413201
162.373225621	80.0	5.60662466351e-18
20.9128936626	80.0	0.00698265307368
185.879976858	80.0	0.00132956672252
41.7329893332	80.0	2.76969694647e-05
184.521886775	80.0	1.8583610179e-07
46.8296852801	80.0	0.0275904996673
194.96426594	80.0	0.000181063631214
185.334524329	80.0	1.63625657718e-05
46.030534917	80.0	0.00440382663528
45.8927503466	80.0	0.00290035667343
198.649556718	80.0	0.000317371876984
184.496310272	80.0	1.77679442291e-07
31.819262848	80.0	9.8664891585e-15
15.8723079458	80.0	0.000125031979369
195.012823249	80.0	0.000178097619164
193.357820919	80.0	0.000127688485938
200.442867603	80.0	0.0
201.624250488	80.0	0.0
188.316004145	80.0	0.0277819696965
30.6169747711	80.0	4.81674861913e-14
194.67563123	80.0	0.000262398063377
184.594608443	80.0	2.1103478177e-07
186.235928542	80.0	0.00613082097178
29.1781215963	80.0	1.33348451607e-08
195.019016098	80.0	0.000180726080054
42.2940017057	80.0	0.000166567001103
185.789497332	80.0	0.000732900089889
185.231277435	80.0	5.7245981243e-06
42.9680202641	80.0	0.00168804287121
185.179412673	80.0	3.29051169878e-06
185.981958425	80.0	0.00244082395221
30.1032209522	80.0	1.85665152994e-13
185.48525825	80.0	6.693713155e-05
41.6710686647	80.0	2.42005135361e-05
199.93107377	80.0	3.75521602705e-06
44.4645528684	80.0	1.98572034534e-05
186.268887691	80.0	0.00677915394803
41.435122922	80.0	1.42991198127e-05
39.8875447659	80.0	5.53043268296e-06
195.737537131	80.0	0.000856059582595
201.574105657	80.0	0.0
31.2095076246	80.0	1.49446803204e-14
39.5152954169	80.0	1.37754091058e-05
43.130523229	80.0	0.000994208405422
42.4047140967	80.0	0.000255529347098
186.862571162	80.0	0.0229260726836
185.467836907	80.0	5.73106883818e-05
196.503237749	80.0	0.00163558125759
187.557185056	80.0	0.0268144902344
42.4015931058	80.0	0.000252529870065
47.6261107891	80.0	0.0262062253353
32.4509293837	80.0	1.60145547595e-12
186.942254079	80.0	0.0247886773245
43.6641532652	80.0	4.00646721452e-05
185.611307281	80.0	0.000194094710499
201.44066471	80.0	0.0
164.601522381	80.0	3.27298970198e-20
187.787579202	80.0	0.027108829547
187.607656847	80.0	0.0268832461813
46.7246460227	80.0	0.0260749871216
30.8457596036	80.0	2.61209202927e-14
38.8954319649	80.0	4.85458693342e-05
186.008472004	80.0	0.00278792351241
41.0630093627	80.0	6.00058817122e-06
186.051299352	80.0	0.00327481864132
21.8937340909	80.0	0.0159550118759
41.5310153017	80.0	1.77490154177e-05
186.572886294	80.0	0.0145552570548
41.699345826	80.0	2.57429970202e-05
163.028891814	80.0	7.47155664462e-20
200.849487736	80.0	0.0
