189.723860914	80.0	0.005
189.548161533	80.0	0.005
190.431325704	80.0	0.005
24.220208183	80.0	0.005
50.7239958363	80.0	0.005
24.5498275542	80.0	0.005
190.844404298	80.0	0.005
188.714304809	80.0	0.005
48.412005693	80.0	0.005
188.996840847	80.0	0.005
189.840238095	80.0	0.005
49.6619979048	80.0	0.005
191.05508178	80.0	0.005
25.9477659676	80.0	0.005
24.2143699883	80.0	0.005
199.798707404	80.0	0.005
189.050203716	80.0	0.005
190.367083045	80.0	0.005
48.8538841513	80.0	0.005
189.528373429	80.0	0.005
188.525278443	80.0	0.005
23.5661680587	80.0	0.005
188.243546051	80.0	0.005
187.98217525	80.0	0.005
25.0627343733	80.0	0.005
189.588080728	80.0	0.005
189.414368452	80.0	0.005
185.951638514	80.0	0.005
25.9840564972	80.0	0.005
191.316006912	80.0	0.005
24.0331032817	80.0	0.005
49.8808948882	80.0	0.005
189.405121703	80.0	0.005
48.5881998784	80.0	0.005
189.564714771	80.0	0.005
190.183458052	80.0	0.005
190.84940577	80.0	0.005
191.228104545	80.0	0.005
189.734573006	80.0	0.005
23.7738499727	80.0	0.005
26.9489325883	80.0	0.005
189.182392441	80.0	0.005
24.0820543146	80.0	0.005
188.46283334	80.0	0.005
25.6220174214	80.0	0.005
22.5202542489	80.0	0.005
189.231219253	80.0	0.005
186.225286474	80.0	0.005
48.1589928663	80.0	0.005
190.574040362	80.0	0.005
187.692060767	80.0	0.005
189.25346504	80.0	0.005
47.400836055	80.0	0.005
187.582946375	80.0	0.005
186.472851878	80.0	0.005
190.296845615	80.0	0.005
24.2586092141	80.0	0.005
189.805962238	80.0	0.005
191.392262685	80.0	0.005
46.6483314949	80.0	0.005
48.2266403641	80.0	0.005
26.1392335074	80.0	0.005
188.783696905	80.0	0.005
187.77630967	80.0	0.005
189.961608873	80.0	0.005
49.4480178602	80.0	0.005
190.576675997	80.0	0.005
189.528099007	80.0	0.005
189.205773138	80.0	0.005
188.672861619	80.0	0.005
188.890205704	80.0	0.005
49.4646097162	80.0	0.005
189.810769139	80.0	0.005
201.294604591	80.0	0.005
188.605900905	80.0	0.005
186.921067102	80.0	0.005
188.457591183	80.0	0.005
188.435258291	80.0	0.005
198.864305228	80.0	0.005
188.983754518	80.0	0.005
188.145836294	80.0	0.005
190.179592087	80.0	0.005
189.073220888	80.0	0.005
24.9341862665	80.0	0.005
48.3484416638	80.0	0.005
187.769025017	80.0	0.005
188.740224045	80.0	0.005
188.511232128	80.0	0.005
189.336690185	80.0	0.005
189.478444428	80.0	0.005
190.398898019	80.0	0.005
49.3759379751	80.0	0.005
187.759261728	80.0	0.005
189.757340077	80.0	0.005
49.4670704577	80.0	0.005
49.0822244266	80.0	0.005
189.571341094	80.0	0.005
192.314714929	80.0	0.005
189.339897469	80.0	0.005
188.007563699	80.0	0.005
188.799283222	80.0	0.005
190.525227646	80.0	0.005
49.3337310891	80.0	0.005
190.643911716	80.0	0.005
49.9055224498	80.0	0.005
49.2665706476	80.0	0.005
190.393319861	80.0	0.005
186.951566104	80.0	0.005
188.764045844	80.0	0.005
26.1104006545	80.0	0.005
188.301725199	80.0	0.005
190.543682157	80.0	0.005
189.615821626	80.0	0.005
190.246114625	80.0	0.005
25.7891081395	80.0	0.005
187.105929168	80.0	0.005
190.095826929	80.0	0.005
188.012038921	80.0	0.005
189.98730437	80.0	0.005
187.533339788	80.0	0.005
189.259500091	80.0	0.005
189.995646348	80.0	0.005
187.222134389	80.0	0.005
188.582693119	80.0	0.005
188.487347017	80.0	0.005
186.960038645	80.0	0.005
191.093232759	80.0	0.005
190.249689784	80.0	0.005
45.0719630802	80.0	0.005
190.741202615	80.0	0.005
24.4283240103	80.0	0.005
187.133919504	80.0	0.005
48.3976895758	80.0	0.005
24.4116035664	80.0	0.005
190.026634825	80.0	0.005
189.553318179	80.0	0.005
188.772103201	80.0	0.005
47.2968410142	80.0	0.005
190.12753685	80.0	0.005
50.3284504035	80.0	0.005
48.8262939802	80.0	0.005
50.9770619808	80.0	0.005
190.104194913	80.0	0.005
191.076910461	80.0	0.005
187.880823098	80.0	0.005
187.075742806	80.0	0.005
188.821355558	80.0	0.005
191.814088422	80.0	0.005
191.111547263	80.0	0.005
25.047489846	80.0	0.005
189.664665654	80.0	0.005
23.8826113678	80.0	0.005
189.161852788	80.0	0.005
188.995589422	80.0	0.005
189.537021506	80.0	0.005
24.6922413171	80.0	0.005
189.653930807	80.0	0.005
191.294513728	80.0	0.005
190.308920519	80.0	0.005
187.503097263	80.0	0.005
25.7664058523	80.0	0.005
187.628322192	80.0	0.005
188.836355253	80.0	0.005
189.380187867	80.0	0.005
25.9813149062	80.0	0.005
22.8927083428	80.0	0.005
190.310439819	80.0	0.005
188.583782835	80.0	0.005
50.4709942891	80.0	0.005
48.914037971	80.0	0.005
196.183981378	80.0	0.005
51.0576026195	80.0	0.005
189.565506287	80.0	0.005
187.36257234	80.0	0.005
22.5800776135	80.0	0.005
190.365045204	80.0	0.005
23.9709208702	80.0	0.005
189.09186836	80.0	0.005
23.5143550273	80.0	0.005
187.693486561	80.0	0.005
190.614109776	80.0	0.005
189.789897077	80.0	0.005
188.35082109	80.0	0.005
188.747451904	80.0	0.005
190.25731181	80.0	0.005
188.839220823	80.0	0.005
187.905116226	80.0	0.005
189.880554842	80.0	0.005
185.404781752	80.0	0.005
190.393452483	80.0	0.005
189.793325802	80.0	0.005
189.219322805	80.0	0.005
48.1892870131	80.0	0.005
189.476415584	80.0	0.005
45.7222204568	80.0	0.005
49.3774148373	80.0	0.005
47.7787581571	80.0	0.005
23.6572750007	80.0	0.005
188.352982643	80.0	0.005
190.238563082	80.0	0.005
