112.366318179	80.0	0.005
113.106796945	80.0	0.005
110.054714138	80.0	0.005
100.489048441	80.0	0.005
99.3747819387	80.0	0.005
111.779509732	80.0	0.005
112.432895829	80.0	0.005
111.166656032	80.0	0.005
114.98223417	80.0	0.005
111.796107341	80.0	0.005
108.388342596	80.0	0.005
113.76280626	80.0	0.005
99.6336338977	80.0	0.005
116.572344846	80.0	0.005
109.704978909	80.0	0.005
111.558878255	80.0	0.005
107.863724305	80.0	0.005
113.341153171	80.0	0.005
117.16263469	80.0	0.005
111.716129348	80.0	0.005
111.75928516	80.0	0.005
106.331943	80.0	0.005
102.847410491	80.0	0.005
116.704838718	80.0	0.005
105.39951325	80.0	0.005
114.437028632	80.0	0.005
112.315457976	80.0	0.005
110.19056883	80.0	0.005
109.613589991	80.0	0.005
111.902473014	80.0	0.005
108.028434357	80.0	0.005
115.567743804	80.0	0.005
113.286497333	80.0	0.005
109.952874389	80.0	0.005
112.065591359	80.0	0.005
104.856417774	80.0	0.005
115.070858283	80.0	0.005
117.519344467	80.0	0.005
101.9281328	80.0	0.005
99.833820637	80.0	0.005
106.870750124	80.0	0.005
104.058394664	80.0	0.005
114.577056815	80.0	0.005
104.549922881	80.0	0.005
109.89710875	80.0	0.005
114.98759396	80.0	0.005
109.564204732	80.0	0.005
111.444422455	80.0	0.005
109.180477452	80.0	0.005
109.975201908	80.0	0.005
111.057336498	80.0	0.005
113.57937029	80.0	0.005
107.746225881	80.0	0.005
106.106675146	80.0	0.005
113.708663919	80.0	0.005
97.9464684119	80.0	0.005
107.531825147	80.0	0.005
114.444120456	80.0	0.005
107.785526298	80.0	0.005
116.029660941	80.0	0.005
110.709635679	80.0	0.005
112.158222717	80.0	0.005
111.960124163	80.0	0.005
111.810305528	80.0	0.005
104.951757095	80.0	0.005
110.617700593	80.0	0.005
114.434145063	80.0	0.005
114.501832207	80.0	0.005
107.856770195	80.0	0.005
111.924228446	80.0	0.005
116.271909067	80.0	0.005
111.867272531	80.0	0.005
108.994598042	80.0	0.005
100.639301672	80.0	0.005
112.802876428	80.0	0.005
113.425402447	80.0	0.005
107.305137246	80.0	0.005
109.364277056	80.0	0.005
115.372994669	80.0	0.005
116.095717861	80.0	0.005
110.226117299	80.0	0.005
107.134940221	80.0	0.005
109.283430566	80.0	0.005
110.539945864	80.0	0.005
111.611110363	80.0	0.005
114.365133229	80.0	0.005
109.119752626	80.0	0.005
115.908959708	80.0	0.005
111.021142643	80.0	0.005
112.610466301	80.0	0.005
111.415973713	80.0	0.005
113.568151398	80.0	0.005
113.248980659	80.0	0.005
104.8927519	80.0	0.005
110.726673349	80.0	0.005
108.831384123	80.0	0.005
115.084162806	80.0	0.005
108.886153274	80.0	0.005
110.921732481	80.0	0.005
109.813347739	80.0	0.005
109.954473046	80.0	0.005
107.282173817	80.0	0.005
99.5529889625	80.0	0.005
109.669947383	80.0	0.005
106.029839462	80.0	0.005
113.888821509	80.0	0.005
111.152094572	80.0	0.005
109.108172956	80.0	0.005
112.712523229	80.0	0.005
112.787631598	80.0	0.005
111.318894276	80.0	0.005
104.919461173	80.0	0.005
111.282993213	80.0	0.005
114.716453903	80.0	0.005
107.991640637	80.0	0.005
103.58014597	80.0	0.005
98.3895765725	80.0	0.005
102.305626897	80.0	0.005
99.9254651083	80.0	0.005
112.960212806	80.0	0.005
111.082681459	80.0	0.005
111.844860445	80.0	0.005
102.706075984	80.0	0.005
114.64780368	80.0	0.005
105.642471469	80.0	0.005
110.504238232	80.0	0.005
111.119612475	80.0	0.005
102.689120695	80.0	0.005
113.174812277	80.0	0.005
109.143027994	80.0	0.005
110.375546663	80.0	0.005
103.480089216	80.0	0.005
105.524463837	80.0	0.005
111.794587832	80.0	0.005
112.469714799	80.0	0.005
115.832125934	80.0	0.005
110.538123843	80.0	0.005
112.267927302	80.0	0.005
116.107348411	80.0	0.005
106.171959414	80.0	0.005
108.251647154	80.0	0.005
113.749573943	80.0	0.005
116.175334781	80.0	0.005
106.541977757	80.0	0.005
99.4205817742	80.0	0.005
107.239202585	80.0	0.005
113.291304127	80.0	0.005
113.797322404	80.0	0.005
101.147505817	80.0	0.005
111.844218662	80.0	0.005
109.469812227	80.0	0.005
111.023796754	80.0	0.005
116.449893334	80.0	0.005
112.190740968	80.0	0.005
110.215998575	80.0	0.005
105.378846355	80.0	0.005
117.414404806	80.0	0.005
103.765652885	80.0	0.005
105.559061324	80.0	0.005
98.0916039078	80.0	0.005
113.320508056	80.0	0.005
114.970234585	80.0	0.005
115.360018724	80.0	0.005
113.631122311	80.0	0.005
109.09477248	80.0	0.005
106.000140992	80.0	0.005
115.414646751	80.0	0.005
112.353729703	80.0	0.005
110.697725924	80.0	0.005
105.908652666	80.0	0.005
110.212259931	80.0	0.005
112.154136446	80.0	0.005
113.015493147	80.0	0.005
112.660074182	80.0	0.005
115.520651998	80.0	0.005
112.741999137	80.0	0.005
110.847057202	80.0	0.005
112.45132397	80.0	0.005
109.266933912	80.0	0.005
102.980401202	80.0	0.005
106.041037765	80.0	0.005
115.653649497	80.0	0.005
108.07350563	80.0	0.005
116.422534208	80.0	0.005
111.264156602	80.0	0.005
109.367353815	80.0	0.005
114.479601058	80.0	0.005
108.235393256	80.0	0.005
112.546135755	80.0	0.005
110.580481064	80.0	0.005
112.748050605	80.0	0.005
105.913429706	80.0	0.005
113.358405929	80.0	0.005
116.997925035	80.0	0.005
105.616580799	80.0	0.005
104.316866362	80.0	0.005
108.416421977	80.0	0.005
109.852206403	80.0	0.005
112.955007906	80.0	0.005
115.504065782	80.0	0.005
