73.9464463419	80.0	1.94667597108e-138
190.797656503	80.0	0.000173930368738
193.184399027	80.0	0.0185595251122
100.885311857	80.0	1.94667597108e-138
1.33458435512	80.0	2.52263145406e-35
138.650808448	80.0	0.000288939904457
140.307044291	80.0	0.000566500861007
81.9590808943	80.0	1.94667597108e-138
4.00761249607	80.0	7.65937407472e-11
60.3905266207	80.0	4.66755122396e-23
145.041616051	80.0	4.81215679013e-16
131.458958531	80.0	9.27369413306e-12
102.68865822	80.0	1.94667597108e-138
157.055393472	80.0	9.87449956775e-16
108.379953406	80.0	1.94667597108e-138
180.650146288	80.0	1.66574104517e-07
139.001276804	80.0	0.000112468525062
47.9572607114	80.0	1.7465221717e-08
180.817893356	80.0	1.38269895738e-07
121.729880405	80.0	1.94667597108e-138
184.39506911	80.0	0.0830061302351
152.984871847	80.0	5.57100658072e-10
113.625774842	80.0	1.94667597108e-138
153.383266106	80.0	3.64831523905e-10
149.467025757	80.0	1.657423916e-05
90.1967004992	80.0	1.94667597108e-138
155.222574178	80.0	1.41984837658e-12
173.52031175	80.0	1.67487419115e-07
129.560435907	80.0	5.22493783415e-13
193.207400038	80.0	0.0179777190792
196.814029389	80.0	0.00158651650087
189.702034445	80.0	4.09019616864e-05
172.182113971	80.0	1.25761913644e-09
100.498459828	80.0	1.94667597108e-138
156.935273278	80.0	9.1929548906e-16
19.7301562227	80.0	0.0853829075387
28.0892168398	80.0	0.00484354464693
89.5837535187	80.0	1.94667597108e-138
196.115360797	80.0	0.00201928977947
30.9418656796	80.0	0.00589828769201
186.37385644	80.0	0.00010062863358
149.788235348	80.0	4.93347562427e-05
23.148311291	80.0	6.67547961038e-06
160.191327345	80.0	0.00127048980908
137.633005551	80.0	0.000978861701853
152.169636207	80.0	1.15586016305e-09
87.0889419734	80.0	1.94667597108e-138
81.3702499229	80.0	1.94667597108e-138
83.4119152074	80.0	1.94667597108e-138
122.421342102	80.0	1.94667597108e-138
22.0819654049	80.0	1.5599587507e-05
41.3736856537	80.0	0.0397032906562
32.0895713166	80.0	0.00634803509904
41.6512135858	80.0	0.0320716520408
186.611038286	80.0	1.94450622067e-05
11.2384352662	80.0	1.25581947731e-12
184.033890113	80.0	0.0848888120746
189.627609897	80.0	2.1107271509e-05
130.623528798	80.0	2.0361043423e-11
197.329281849	80.0	0.00125823764134
134.334690581	80.0	3.36606779366e-06
53.8745858049	80.0	4.07438841272e-13
36.3848912751	80.0	9.26024844325e-05
179.256362476	80.0	7.90891302928e-06
73.3585757812	80.0	1.94667597108e-138
145.612854354	80.0	1.37805619905e-16
51.0985276139	80.0	1.3631040704e-17
121.164654799	80.0	1.94667597108e-138
29.7338355664	80.0	0.0317171046228
84.9133917173	80.0	1.94667597108e-138
199.046157822	80.0	0.0208779381132
193.625473371	80.0	0.00951525435161
55.2638449764	80.0	1.13782365235e-10
38.2579470582	80.0	0.0187784477147
143.028665484	80.0	2.0845932431e-07
92.2764215976	80.0	1.94667597108e-138
30.1581233371	80.0	0.0109071035013
81.2384776841	80.0	1.94667597108e-138
5.29541166891	80.0	1.00193152696e-05
30.1751352421	80.0	0.0107717002425
156.121303452	80.0	1.18791678402e-12
98.9658617081	80.0	1.94667597108e-138
156.060419353	80.0	1.95782296919e-12
15.4511380607	80.0	0.00440777125216
1.45750305168	80.0	1.66120240489e-34
152.800427067	80.0	6.57953888454e-10
84.6720208646	80.0	1.94667597108e-138
193.94081782	80.0	0.00547997760924
66.1066169646	80.0	1.97994615021e-32
64.1564164277	80.0	3.77758841304e-40
161.796516314	80.0	0.00176532436066
37.6414425423	80.0	0.00632481527193
117.718672516	80.0	1.94667597108e-138
55.7857931666	80.0	1.09769445022e-09
7.43615540377	80.0	1.80047779299e-06
181.240854464	80.0	5.28031347816e-07
73.882652329	80.0	1.94667597108e-138
158.012783501	80.0	4.21645830302e-11
164.483884397	80.0	3.10404799864e-05
136.290310199	80.0	0.000519662703042
125.287940359	80.0	1.94667597108e-138
36.7257934979	80.0	0.000270653563769
81.1231923236	80.0	1.94667597108e-138
102.408481612	80.0	1.94667597108e-138
177.859262031	80.0	0.000181467556383
104.214051088	80.0	1.94667597108e-138
97.0393790864	80.0	1.94667597108e-138
76.7421972118	80.0	1.94667597108e-138
172.962855777	80.0	2.3829304291e-09
186.727627697	80.0	8.11633139345e-06
22.8752363027	80.0	1.50435357114e-05
76.7584606688	80.0	1.94667597108e-138
190.955947996	80.0	0.000143444891666
84.6713387826	80.0	1.94667597108e-138
49.4069753649	80.0	2.36831555567e-15
160.930794994	80.0	0.0154650229334
82.4677777309	80.0	1.94667597108e-138
152.341282593	80.0	9.92402087545e-10
119.311990988	80.0	1.94667597108e-138
65.0781257913	80.0	6.63293520472e-35
37.9349692191	80.0	0.0144587684887
27.7607536218	80.0	0.00165652596945
20.7390162711	80.0	0.0012520509327
123.766132876	80.0	1.94667597108e-138
60.7076902604	80.0	4.21284578877e-25
147.976095102	80.0	2.49639638014e-11
30.1852807879	80.0	0.0106915576674
0.443292213744	80.0	6.58031965631e-45
64.8372563536	80.0	4.30930934892e-36
170.144885352	80.0	1.2093283429e-10
112.482629944	80.0	1.94667597108e-138
43.6527001134	80.0	0.0248950190202
27.2494131404	80.0	0.000480340750775
1.48882880817	80.0	2.67557291839e-34
99.4651807145	80.0	1.94667597108e-138
10.4984901172	80.0	1.26891198694e-12
40.7246732656	80.0	0.0515146386552
111.000554322	80.0	1.94667597108e-138
8.89253026148	80.0	6.396508479e-10
45.9692028602	80.0	0.000622654843545
2.71482202908	80.0	2.48672074814e-24
106.676577215	80.0	1.94667597108e-138
25.3140098129	80.0	0.000151501362638
11.9151569897	80.0	2.51426175304e-10
73.6966020896	80.0	1.94667597108e-138
143.19132968	80.0	9.89128077644e-08
172.343197468	80.0	1.43623689374e-09
154.04605096	80.0	1.49647602505e-10
36.5764008241	80.0	0.000171075639172
146.175319083	80.0	8.42755532728e-16
68.6888632619	80.0	7.57278175766e-34
38.107387727	80.0	0.0177252737011
126.081499764	80.0	1.94667597108e-138
59.9341616159	80.0	2.60599915423e-20
0.537771335956	80.0	1.27520367373e-43
165.2806858	80.0	1.09740966707e-05
39.6589998401	80.0	0.042761461572
48.5335098233	80.0	1.22931815916e-11
84.3566621051	80.0	1.94667597108e-138
138.564507743	80.0	0.000360896609059
71.53709323	80.0	1.94667597108e-138
199.340417066	80.0	0.0305344754387
124.970066381	80.0	1.94667597108e-138
22.455181445	80.0	1.53356087243e-05
83.7021835485	80.0	1.94667597108e-138
122.0824487	80.0	1.94667597108e-138
195.260287107	80.0	0.0080855685938
145.919454972	80.0	6.97581586082e-17
149.655205952	80.0	3.16871420781e-05
105.02582852	80.0	1.94667597108e-138
186.121805788	80.0	0.000474383617743
12.3989780797	80.0	4.7858792964e-09
109.266310282	80.0	1.94667597108e-138
43.4470538779	80.0	0.0122795313846
14.5539353066	80.0	0.000110078902119
184.220597734	80.0	0.0840867799599
182.681189432	80.0	0.000456623963016
91.4556970921	80.0	1.94667597108e-138
95.8784095239	80.0	1.94667597108e-138
28.7745863222	80.0	0.0666272181703
63.6062747252	80.0	1.86142645254e-38
103.952928141	80.0	1.94667597108e-138
1.50317038646	80.0	3.32631810363e-34
102.148616764	80.0	1.94667597108e-138
106.835415358	80.0	1.94667597108e-138
145.517372923	80.0	1.70116911773e-16
39.6726476724	80.0	0.0431811319119
154.039061755	80.0	1.54805715951e-10
198.928345603	80.0	0.0165881661052
22.6468446697	80.0	1.52016847522e-05
170.938523624	80.0	2.64806710448e-11
43.8302604244	80.0	0.0403093799879
58.5624152808	80.0	2.59458967207e-13
90.4398927566	80.0	1.94667597108e-138
43.2725244371	80.0	0.00594784270536
168.034904994	80.0	1.090941499e-06
134.068252761	80.0	4.30482675411e-07
78.6713277609	80.0	1.94667597108e-138
114.76628433	80.0	1.94667597108e-138
119.440899494	80.0	1.94667597108e-138
