50.7471205029	80.0	0.005
52.245290009	80.0	0.005
52.50535505	80.0	0.005
53.08955633	80.0	0.005
53.9949819656	80.0	0.005
53.9075094649	80.0	0.005
51.4987771351	80.0	0.005
52.0700845202	80.0	0.005
51.9051494317	80.0	0.005
51.4526229181	80.0	0.005
50.7385865145	80.0	0.005
51.0550652673	80.0	0.005
52.0690153778	80.0	0.005
50.8242024091	80.0	0.005
51.3968192937	80.0	0.005
50.4133729294	80.0	0.005
50.7222817332	80.0	0.005
51.8746191748	80.0	0.005
49.6719091214	80.0	0.005
51.5481546302	80.0	0.005
49.4438812122	80.0	0.005
51.2456276675	80.0	0.005
52.8316893881	80.0	0.005
48.3983733981	80.0	0.005
52.0751396871	80.0	0.005
50.4695382279	80.0	0.005
52.3550096761	80.0	0.005
52.3650082653	80.0	0.005
52.3579709595	80.0	0.005
52.9885300827	80.0	0.005
54.020409628	80.0	0.005
51.3696014137	80.0	0.005
52.1880477788	80.0	0.005
52.7461352878	80.0	0.005
51.8897150121	80.0	0.005
50.5461255382	80.0	0.005
49.2720809139	80.0	0.005
49.5104538387	80.0	0.005
51.6792625695	80.0	0.005
50.3359838644	80.0	0.005
52.7505945512	80.0	0.005
52.2842035769	80.0	0.005
51.0588964064	80.0	0.005
49.2245690627	80.0	0.005
51.4275391816	80.0	0.005
48.5135299566	80.0	0.005
49.3523911387	80.0	0.005
53.4846361871	80.0	0.005
51.9133314304	80.0	0.005
51.239873028	80.0	0.005
50.2535565029	80.0	0.005
50.9551662974	80.0	0.005
49.686350677	80.0	0.005
51.9810513125	80.0	0.005
53.3224728693	80.0	0.005
50.8660127399	80.0	0.005
49.0007864911	80.0	0.005
53.4491569981	80.0	0.005
52.1340923393	80.0	0.005
53.0124605279	80.0	0.005
51.9121610734	80.0	0.005
52.1716692372	80.0	0.005
51.9466367263	80.0	0.005
47.9240027802	80.0	0.005
52.2254647802	80.0	0.005
54.3228733762	80.0	0.005
50.8094663675	80.0	0.005
51.7611926435	80.0	0.005
51.1133873632	80.0	0.005
50.9264317097	80.0	0.005
49.8710418987	80.0	0.005
48.6776530833	80.0	0.005
49.4251594782	80.0	0.005
52.2446847039	80.0	0.005
52.5377157322	80.0	0.005
52.457776932	80.0	0.005
51.0178262537	80.0	0.005
49.4455383445	80.0	0.005
50.1462605912	80.0	0.005
49.5788136933	80.0	0.005
51.7120267246	80.0	0.005
52.3276047004	80.0	0.005
51.4634349245	80.0	0.005
52.8866216985	80.0	0.005
50.4403373941	80.0	0.005
51.9499645051	80.0	0.005
51.4511579334	80.0	0.005
51.9234118737	80.0	0.005
53.6959149866	80.0	0.005
50.031064814	80.0	0.005
52.1284676634	80.0	0.005
52.0533965516	80.0	0.005
51.1023782848	80.0	0.005
50.0323066979	80.0	0.005
48.7913084053	80.0	0.005
53.8067838246	80.0	0.005
51.2653359013	80.0	0.005
51.5390410881	80.0	0.005
52.7727573665	80.0	0.005
52.2834114182	80.0	0.005
49.9451075989	80.0	0.005
51.2765372242	80.0	0.005
52.4106030614	80.0	0.005
51.286315084	80.0	0.005
50.8934494349	80.0	0.005
49.8155564778	80.0	0.005
48.7613401912	80.0	0.005
51.392883029	80.0	0.005
52.6122234624	80.0	0.005
50.9255751707	80.0	0.005
53.1807868388	80.0	0.005
50.4630012614	80.0	0.005
50.5924639974	80.0	0.005
50.0142762997	80.0	0.005
50.6839126406	80.0	0.005
51.2906255802	80.0	0.005
50.7920490595	80.0	0.005
51.8627234945	80.0	0.005
51.4370910228	80.0	0.005
52.9488956803	80.0	0.005
50.7423105367	80.0	0.005
49.9551524627	80.0	0.005
51.3182211794	80.0	0.005
52.8082675682	80.0	0.005
52.1258881696	80.0	0.005
51.7060507769	80.0	0.005
49.7428966746	80.0	0.005
51.7493196891	80.0	0.005
54.2225860734	80.0	0.005
54.6866548103	80.0	0.005
51.0560950138	80.0	0.005
51.3416605292	80.0	0.005
52.571671934	80.0	0.005
51.1166760487	80.0	0.005
49.8716745975	80.0	0.005
50.0031271437	80.0	0.005
54.1090469346	80.0	0.005
51.570037329	80.0	0.005
51.1978374911	80.0	0.005
50.9870086366	80.0	0.005
51.3818926354	80.0	0.005
49.3921468172	80.0	0.005
51.4546304814	80.0	0.005
50.1314787419	80.0	0.005
50.5227274133	80.0	0.005
51.7551191697	80.0	0.005
50.751018035	80.0	0.005
51.3746105483	80.0	0.005
50.1558067731	80.0	0.005
51.7963233504	80.0	0.005
53.2907063964	80.0	0.005
52.9719010021	80.0	0.005
50.8301778611	80.0	0.005
52.3327784994	80.0	0.005
48.4059650018	80.0	0.005
50.9240444948	80.0	0.005
49.6817089102	80.0	0.005
48.7676204546	80.0	0.005
49.3143883983	80.0	0.005
49.3704868239	80.0	0.005
51.342915957	80.0	0.005
52.3465065294	80.0	0.005
54.3923536565	80.0	0.005
51.2417281216	80.0	0.005
51.6482450746	80.0	0.005
49.6707441588	80.0	0.005
50.9865268867	80.0	0.005
51.9359017498	80.0	0.005
51.4238508824	80.0	0.005
51.1752263157	80.0	0.005
50.1536343812	80.0	0.005
52.1723950586	80.0	0.005
49.9903639134	80.0	0.005
52.2913438249	80.0	0.005
49.3922781461	80.0	0.005
50.7033077216	80.0	0.005
49.0684826445	80.0	0.005
50.1955964408	80.0	0.005
51.5731050476	80.0	0.005
53.2459116916	80.0	0.005
49.0397035733	80.0	0.005
51.2479829975	80.0	0.005
49.7612915041	80.0	0.005
50.7010693353	80.0	0.005
51.7878905481	80.0	0.005
52.0492052253	80.0	0.005
50.4056754911	80.0	0.005
51.0691515225	80.0	0.005
51.9469096115	80.0	0.005
50.9807476251	80.0	0.005
51.1406445574	80.0	0.005
51.1495490919	80.0	0.005
53.6681202053	80.0	0.005
51.5665331649	80.0	0.005
52.3289933601	80.0	0.005
49.292265324	80.0	0.005
51.3130583084	80.0	0.005
50.5556858329	80.0	0.005
52.3730696703	80.0	0.005
51.9555496512	80.0	0.005
