191.071149123	80.0	0.00746156626712
191.320680984	80.0	0.00677658528384
189.559103982	80.0	0.00639919553655
191.494893039	80.0	0.00598056286669
25.0087300302	80.0	0.00694118213307
50.3719638456	80.0	1.50659885931e-07
189.879305859	80.0	0.00747730579403
26.2515934703	80.0	0.00696362072903
26.0887680326	80.0	0.00652447888463
190.93472204	80.0	0.00752103337001
190.499850774	80.0	0.00734296479098
191.882094395	80.0	0.00382202956191
191.636095939	80.0	0.00521950374901
191.425443303	80.0	0.00632189803305
50.6751139199	80.0	6.97756532276e-08
51.6059966529	80.0	7.52724168384e-07
191.544578879	80.0	0.00572118607631
191.696581114	80.0	0.00487713230733
189.651211015	80.0	0.00704997306195
189.459822772	80.0	0.00549967517249
51.4195856026	80.0	2.93230089531e-07
49.7999758472	80.0	5.06914304513e-07
28.377934976	80.0	0.00108407843427
190.33593903	80.0	0.00723501182718
189.027536068	80.0	0.00160906277749
189.574615573	80.0	0.00652360555497
191.502505654	80.0	0.0059415606721
27.8362765271	80.0	0.00500793459698
188.773514148	80.0	0.0017537621694
193.326475036	80.0	0.00150970437367
27.9013217997	80.0	0.0047698465344
27.9884933959	80.0	0.00444932677177
190.984972735	80.0	0.00753106773084
191.120988039	80.0	0.00737662558542
192.163392864	80.0	0.00269735677493
191.174000766	80.0	0.00725632916723
190.48214025	80.0	0.00733234124357
189.812959439	80.0	0.00754850255856
192.341931638	80.0	0.00221383936593
190.624865606	80.0	0.0074106031074
189.88014325	80.0	0.00747536921025
191.677032278	80.0	0.00498837774602
29.0170671735	80.0	1.42763960152e-05
191.813356318	80.0	0.00420967334534
192.393558609	80.0	0.00208417907063
191.195751273	80.0	0.00719838219631
26.2188655311	80.0	0.0068836098375
50.345002826	80.0	1.61128500912e-07
26.9014769471	80.0	0.00746399806122
190.722748298	80.0	0.00745441333426
189.349985744	80.0	0.00439373294936
50.4076196307	80.0	1.378080953e-07
190.5413535	80.0	0.00736685415188
189.393341395	80.0	0.00483529528184
188.542304335	80.0	0.00211471322367
191.446117081	80.0	0.00622320742549
189.894446867	80.0	0.0074383742185
189.90992833	80.0	0.00739008951859
192.664327516	80.0	0.00148305792604
25.4654610096	80.0	0.00753405335712
190.379899574	80.0	0.00726606349881
188.649852252	80.0	0.0019414978434
50.4398784788	80.0	1.27087864727e-07
190.735938871	80.0	0.00745969333005
193.003729176	80.0	0.000925851104724
191.524720334	80.0	0.00582617499857
191.195366043	80.0	0.00719945081533
191.43790122	80.0	0.00626274301095
191.377030408	80.0	0.00654203998532
191.254395184	80.0	0.00701851488496
50.5137544109	80.0	1.05455672689e-07
190.563322379	80.0	0.00737892519195
190.805566296	80.0	0.00748508421898
191.170677872	80.0	0.00726474952552
189.34682675	80.0	0.00436159379929
188.795071762	80.0	0.00172229724311
50.3978700163	80.0	1.41214336474e-07
26.1603633347	80.0	0.00672989725322
191.104844877	80.0	0.00740718238122
26.9378524157	80.0	0.00742584905041
190.48092371	80.0	0.0073316021333
190.564242984	80.0	0.00737942230374
192.028157743	80.0	0.00309679143434
192.611848362	80.0	0.00158910338351
192.5503604	80.0	0.00171975938451
191.578387224	80.0	0.0055389156523
188.891073792	80.0	0.00158673854584
191.585276513	80.0	0.00550128546619
48.3377087901	80.0	0.000227114634579
192.290259805	80.0	0.00234827915442
190.939201083	80.0	0.00752201803519
191.731583442	80.0	0.00467711849529
26.1004207871	80.0	0.0065591332467
28.3135712137	80.0	0.001463787285
189.545312563	80.0	0.00628427917685
188.806069371	80.0	0.00170639017257
47.27761599	80.0	0.00146749057827
26.607185148	80.0	0.00751147151139
29.1230580484	80.0	6.2824625724e-06
27.8785706203	80.0	0.00485331516938
21.986090954	80.0	0.00669444253326
192.284349063	80.0	0.00236395026041
191.414076687	80.0	0.00637500822292
187.585140691	80.0	0.00345847921278
49.8475670761	80.0	4.71637874511e-07
189.541456502	80.0	0.00625146517637
191.420490603	80.0	0.00634514239631
191.857518617	80.0	0.00395970207308
191.814149093	80.0	0.00420516287078
191.077367629	80.0	0.00745249562272
193.356266393	80.0	0.00157425570152
190.876281524	80.0	0.00750657220981
28.0680000657	80.0	0.00365111553146
193.169955344	80.0	0.00120066589015
25.5548147765	80.0	0.00745864121048
189.785291191	80.0	0.00752969855828
189.675431195	80.0	0.00718150848576
190.478129656	80.0	0.00732990004859
191.998711246	80.0	0.00318988737387
191.282215955	80.0	0.00692173067338
189.436540555	80.0	0.00527033273014
191.73174146	80.0	0.00467621407065
191.131468598	80.0	0.00735524963247
190.035101708	80.0	0.00698326222235
190.253134319	80.0	0.00717244776238
194.780293064	80.0	0.00214876756559
25.772919839	80.0	0.00702135422582
24.063780374	80.0	0.0019537283358
192.983624141	80.0	0.000943301565789
190.839150368	80.0	0.00749583201061
189.071374195	80.0	0.00190120608578
190.237198949	80.0	0.00715980642675
189.204523415	80.0	0.00297671549151
191.226030375	80.0	0.00710971841088
191.103589082	80.0	0.00740943811961
190.14931238	80.0	0.00708667766037
190.028868591	80.0	0.00697735343736
192.321157882	80.0	0.00226733336965
188.826112377	80.0	0.00167765133122
190.609198885	80.0	0.00740283945271
189.394910887	80.0	0.00485123894652
192.079160721	80.0	0.00294307007713
190.800252253	80.0	0.0074832939117
189.27672198	80.0	0.00365897308148
25.3045425469	80.0	0.00750832733796
28.208318596	80.0	0.00226537420641
192.289011757	80.0	0.00235158314036
192.306835878	80.0	0.00230464955824
26.0017640158	80.0	0.00625206179827
190.40120104	80.0	0.00728056174796
190.267393238	80.0	0.0071835959894
26.4527259298	80.0	0.00735033853302
190.639492409	80.0	0.00741766523889
189.342878451	80.0	0.00432145418212
26.9855096852	80.0	0.00736551099493
50.5598267841	80.0	9.37968181954e-08
192.542991467	80.0	0.00173588228651
190.936602578	80.0	0.00752144893284
189.482947748	80.0	0.00572210885225
26.132140729	80.0	0.00665109826748
190.208865826	80.0	0.00713685798065
190.474268832	80.0	0.00732753767168
190.080051771	80.0	0.00702507000065
189.751780105	80.0	0.00746894251275
190.735436866	80.0	0.00745949511419
189.720163249	80.0	0.00737434378257
191.038565798	80.0	0.00750185379873
190.539231831	80.0	0.0073656672552
192.203732786	80.0	0.00258352291607
189.982819552	80.0	0.00705343020773
28.1622344415	80.0	0.00268509812031
28.8002101831	80.0	8.08532576401e-05
189.131825399	80.0	0.00235590942232
28.8598757138	80.0	5.1331418048e-05
189.60887193	80.0	0.00677829498647
193.113378108	80.0	0.00110113142273
49.085411337	80.0	1.44943038703e-06
189.740579789	80.0	0.00743950742728
191.200262163	80.0	0.00718575675149
190.42150772	80.0	0.00729404694872
191.588125219	80.0	0.00548568126117
191.974092145	80.0	0.00331986756892
24.3660992938	80.0	0.00467916091671
191.2739171	80.0	0.0069513412772
190.652031453	80.0	0.00742357580968
190.359882576	80.0	0.00725211260273
191.416947642	80.0	0.00636167314096
189.700151286	80.0	0.00729638176452
191.538533902	80.0	0.00575331870357
26.4092703827	80.0	0.00728299312915
189.947055369	80.0	0.00724043728417
190.990587529	80.0	0.00753205063633
190.496965524	80.0	0.0073412515333
190.895738679	80.0	0.00751171930744
190.906832601	80.0	0.00751450564307
51.5121614394	80.0	4.71011491889e-07
190.851059576	80.0	0.00749940772088
49.9071625203	80.0	4.307408924e-07
26.1745311797	80.0	0.00676833884818
27.7232817904	80.0	0.00541486172199
