144.949247856	80.0	8.78250757351e-06
143.534811597	80.0	0.00667332375312
143.380024257	80.0	0.00811150382222
144.553405762	80.0	0.000172316936701
142.41635264	80.0	0.0176735393214
148.23772556	80.0	0.00229903156355
146.678300643	80.0	0.000193055263561
145.210043381	80.0	4.5276508707e-06
144.089946268	80.0	0.00225430515034
144.517440223	80.0	0.0002179244855
145.889977906	80.0	2.1116840733e-06
146.564662561	80.0	9.91111723557e-05
146.382210925	80.0	3.094929154e-05
143.042322557	80.0	0.0116275650323
143.360976507	80.0	0.00829781160169
143.957690256	80.0	0.00355525849705
144.049250457	80.0	0.00269539807942
143.415969161	80.0	0.0077651770675
143.001556019	80.0	0.0120703681772
144.384135462	80.0	0.000494081552161
142.978568309	80.0	0.0123109578833
145.708362013	80.0	2.59725905379e-06
146.007486929	80.0	1.97560823769e-06
142.999968581	80.0	0.0120876130549
143.392146194	80.0	0.0079939289183
142.935077996	80.0	0.0127645255759
143.560800199	80.0	0.00644622150923
141.572460315	80.0	0.0183432737412
145.293296031	80.0	4.13130984908e-06
145.459787855	80.0	3.43460496667e-06
144.660945439	80.0	8.24191032585e-05
145.249335815	80.0	4.33633235818e-06
143.682187628	80.0	0.00544504515665
146.475616764	80.0	5.69734636466e-05
142.896455784	80.0	0.0131661089332
143.839329021	80.0	0.0043012793352
145.829550452	80.0	2.26281991924e-06
144.482166152	80.0	0.000272784347465
146.059640835	80.0	2.98296122075e-06
145.246461114	80.0	4.35006753431e-06
142.988021471	80.0	0.0122122971264
146.666448449	80.0	0.000180462632502
144.615910266	80.0	0.000112971067705
141.973727126	80.0	0.0200192720133
143.122068065	80.0	0.0107668409971
145.184090125	80.0	4.65834324249e-06
140.180610104	80.0	0.0144695669114
144.861732787	80.0	1.804289206e-05
143.639026489	80.0	0.00578955234014
145.092154852	80.0	5.15040083662e-06
143.629535356	80.0	0.00586702792964
145.802684535	80.0	2.33324739827e-06
143.552863621	80.0	0.0065151121832
144.138008883	80.0	0.00180760074246
143.407273338	80.0	0.0078483148816
145.37337544	80.0	3.78107681414e-06
144.269044348	80.0	0.000938064239199
144.951633056	80.0	8.60761116268e-06
144.538634449	80.0	0.000189899172108
141.903046815	80.0	0.0201636601775
145.277802796	80.0	4.20250350987e-06
143.735023257	80.0	0.00504098881915
143.871486029	80.0	0.00408881686107
142.714340952	80.0	0.0150154181879
144.504620594	80.0	0.000236609456248
143.592107185	80.0	0.00617850367703
145.283482249	80.0	4.17627261215e-06
143.852896676	80.0	0.00421074268491
145.665295184	80.0	2.7269649164e-06
143.543086681	80.0	0.00660053882663
144.37942968	80.0	0.000507809364656
142.632004466	80.0	0.0158089338286
146.503621479	80.0	6.80107273147e-05
142.352444222	80.0	0.0181488559845
144.038244897	80.0	0.00282516891105
141.463032468	80.0	0.0169691667615
145.301246067	80.0	4.09522044444e-06
144.932370451	80.0	1.01183278652e-05
144.425798089	80.0	0.00038592127455
146.030045717	80.0	2.36376516844e-06
144.901126495	80.0	1.31051829148e-05
140.460169582	80.0	0.012757142014
145.202014527	80.0	4.56770861882e-06
143.500624666	80.0	0.00697862352703
142.367207536	80.0	0.0180426947825
143.525433833	80.0	0.00675633627732
143.686727213	80.0	0.00540956117513
143.548845434	80.0	0.00655014658144
144.790258592	80.0	3.1648777164e-05
144.152851958	80.0	0.00168481552559
145.461856706	80.0	3.42668870987e-06
145.082212965	80.0	5.20644406308e-06
144.457320838	80.0	0.000318430511707
144.735002428	80.0	4.80897896773e-05
146.954822734	80.0	0.000811444644767
144.545551077	80.0	0.000181476109923
144.684763993	80.0	6.94973317322e-05
144.336548549	80.0	0.000648819876256
145.152474514	80.0	4.82234242183e-06
145.579771429	80.0	3.00287491695e-06
143.273755074	80.0	0.00917346263504
141.989540943	80.0	0.0199606990372
142.482005266	80.0	0.0171450531644
145.187374613	80.0	4.64160971057e-06
144.872353182	80.0	1.65643232327e-05
142.715160069	80.0	0.0150073554413
143.941025466	80.0	0.00365434453578
145.517614313	80.0	3.21970291651e-06
144.107005547	80.0	0.00208688009704
144.163281886	80.0	0.00160259107129
141.71067881	80.0	0.0195803375223
143.664689822	80.0	0.00558315869815
144.752707682	80.0	4.21207523494e-05
143.339898386	80.0	0.00850612792118
143.803715259	80.0	0.00454515268244
145.179985047	80.0	4.67933720405e-06
145.845039487	80.0	2.22313428199e-06
144.337951876	80.0	0.000643723457576
145.784217833	80.0	2.38285240891e-06
144.328836387	80.0	0.000677447388938
139.592278905	80.0	0.0169170078872
145.155135736	80.0	4.80833141952e-06
143.926603036	80.0	0.00374166153145
146.01823176	80.0	2.15229537804e-06
142.651471765	80.0	0.0156245708831
144.348122161	80.0	0.000607801170511
146.696055227	80.0	0.000213387916216
143.824686786	80.0	0.00440045381884
143.298074022	80.0	0.00892581107727
143.035418753	80.0	0.0117024751234
145.325510685	80.0	3.98689678084e-06
144.336865293	80.0	0.000647666565383
142.863669816	80.0	0.0135053957626
143.27146977	80.0	0.00919686436421
147.550777573	80.0	0.000835150570438
146.001887662	80.0	1.88906180832e-06
143.336166506	80.0	0.00854323906431
142.011840675	80.0	0.0198838246195
142.943754324	80.0	0.0126741167997
142.288325869	80.0	0.0185829817123
142.663355856	80.0	0.0155109790269
146.262906395	80.0	1.3585879564e-05
144.53189507	80.0	0.000198440374921
145.773720671	80.0	2.41149216841e-06
146.698803574	80.0	0.000216700204302
143.375856834	80.0	0.00815210467755
140.253535197	80.0	0.0140291737072
145.118232012	80.0	5.00608295838e-06
145.694418492	80.0	2.63860169153e-06
143.576819044	80.0	0.00630843014879
144.692025203	80.0	6.5942552145e-05
145.467105402	80.0	3.40668216577e-06
145.25459424	80.0	4.31131338586e-06
144.469152731	80.0	0.000295915855621
145.881170344	80.0	2.13310246239e-06
144.374061213	80.0	0.000523871742962
145.66507905	80.0	2.72763101267e-06
142.123002551	80.0	0.0194800658871
141.283580596	80.0	0.0142050023296
143.203854766	80.0	0.00989843148403
143.491565839	80.0	0.00706074398536
145.246419621	80.0	4.35026608547e-06
148.867518203	80.0	0.0150793081688
142.874024896	80.0	0.013398434242
144.805601083	80.0	2.81078544713e-05
144.175690807	80.0	0.00150899449773
144.86025496	80.0	1.82580886617e-05
142.699766532	80.0	0.0151583660489
144.272665431	80.0	0.00092018361853
144.294521627	80.0	0.000818223170177
143.651490896	80.0	0.005688742955
143.736231924	80.0	0.00503197539236
143.380469432	80.0	0.00810717212726
141.821078371	80.0	0.0200879664431
143.487349918	80.0	0.00709913421283
144.004603632	80.0	0.0032506575367
143.73608832	80.0	0.00503304575551
146.055025508	80.0	2.87724338711e-06
146.337649944	80.0	2.28875885859e-05
143.199474075	80.0	0.00994444973657
144.280405178	80.0	0.000882921745618
141.496905275	80.0	0.0174261966456
145.324612886	80.0	3.99085627261e-06
145.268184552	80.0	4.24727987447e-06
146.850011539	80.0	0.000485755746322
145.091631001	80.0	5.15333962609e-06
140.980366448	80.0	0.00956330422395
144.009232124	80.0	0.00318949914797
144.617752643	80.0	0.000111543528034
143.846561308	80.0	0.00425285577972
145.560176424	80.0	3.06969710542e-06
145.758061804	80.0	2.45481974738e-06
147.127080335	80.0	0.000960114855816
142.833654196	80.0	0.013814194279
141.129015836	80.0	0.011594634398
143.988319969	80.0	0.00337815965749
144.746189508	80.0	4.4234207602e-05
138.948657404	80.0	0.0182793393337
142.849848821	80.0	0.0136478299074
146.135591202	80.0	5.3448589431e-06
