164.973806678	80.0	0.00617463543993
163.873187326	80.0	0.00415415709982
163.46383554	80.0	0.00493696893593
164.093959896	80.0	0.00413395180766
163.556864277	80.0	0.00475825276148
162.332350762	80.0	0.00761990665587
166.301045934	80.0	0.000353102040286
163.526835345	80.0	0.0048159539435
165.243795833	80.0	0.0041659049527
163.931413863	80.0	0.00404453367299
162.703751494	80.0	0.00677059968011
164.820682084	80.0	0.00583731504659
163.71328242	80.0	0.00445823122116
166.646049712	80.0	0.000362549504658
163.714019434	80.0	0.00445682185966
163.470384377	80.0	0.00492439529154
164.179884054	80.0	0.00433526070399
164.242821129	80.0	0.00448375260935
162.658796153	80.0	0.00689801109054
162.030295561	80.0	0.00789891506357
163.783719849	80.0	0.00432382519493
165.580860247	80.0	0.00173100760193
166.28418352	80.0	0.000352645630943
162.881453055	80.0	0.00621642965543
162.277195948	80.0	0.00770105361719
164.35294551	80.0	0.00474481435156
162.884252777	80.0	0.00620714413437
162.912407687	80.0	0.00611295805888
162.938810906	80.0	0.00602336472722
163.538311784	80.0	0.00479390156518
163.219794708	80.0	0.00540253551197
162.772968277	80.0	0.0065636577945
162.454333664	80.0	0.00739605685953
164.126255086	80.0	0.0042093886781
163.72369126	80.0	0.0044383321779
162.892895678	80.0	0.00617838594266
163.860084548	80.0	0.00417891879535
163.090516523	80.0	0.00564477776984
161.435965782	80.0	0.00611015402965
162.412371229	80.0	0.00747973252437
163.204206977	80.0	0.00543195675561
163.496730506	80.0	0.00487379470309
164.380867449	80.0	0.00481111296835
162.694051485	80.0	0.00679857802829
164.238457358	80.0	0.00447343494433
163.01720921	80.0	0.00578003854592
165.582320007	80.0	0.00172303680458
162.260724289	80.0	0.00772276027831
162.366628333	80.0	0.00756304843885
162.362687705	80.0	0.00756983091939
163.563599474	80.0	0.0047453117947
166.108223251	80.0	0.000347912443231
165.554828077	80.0	0.00187729926176
161.615458967	80.0	0.00702979616794
163.038434834	80.0	0.0057410544328
164.573073472	80.0	0.00526593507623
162.652110919	80.0	0.00691645587196
166.092046045	80.0	0.000347479980459
166.806101724	80.0	0.000367003705232
162.649060736	80.0	0.00692482700341
163.24475031	80.0	0.00535532900955
163.886912201	80.0	0.00412825500332
161.506124377	80.0	0.00649629823982
165.155114318	80.0	0.00493307760253
162.26529144	80.0	0.0077168595346
162.245310868	80.0	0.00774200265941
165.512832322	80.0	0.00212978736702
164.779014769	80.0	0.00574303895786
161.876876464	80.0	0.00782257119025
162.404469353	80.0	0.00749472171386
162.988938983	80.0	0.00585022368733
163.358565784	80.0	0.00513868753014
162.872672421	80.0	0.00624545379754
163.527068123	80.0	0.00481550665767
165.407482899	80.0	0.00284929100176
163.949724001	80.0	0.00401021122573
165.669320525	80.0	0.00129223422056
162.722572224	80.0	0.00671557590651
164.535214399	80.0	0.00517677811831
163.839866289	80.0	0.00421718908407
164.507891979	80.0	0.00511225726228
162.822506637	80.0	0.00640828763848
163.943411674	80.0	0.00402203515457
165.394802143	80.0	0.00294363183275
163.429888163	80.0	0.00500211134437
163.824842886	80.0	0.00424567250646
161.443979557	80.0	0.00615566172444
162.873901173	80.0	0.00624140117675
166.081478335	80.0	0.000347197719378
162.32868909	80.0	0.00762569245421
163.767184615	80.0	0.00435532029422
165.278254756	80.0	0.00387397900949
164.777709528	80.0	0.00574007097196
163.786226343	80.0	0.0043190543723
162.819174516	80.0	0.00641891423175
163.052520627	80.0	0.00571510066294
161.216585188	80.0	0.00478118305704
163.337016747	80.0	0.00517984839381
163.124910119	80.0	0.00558075243167
164.810791028	80.0	0.00581502062456
165.176510313	80.0	0.00474716209195
164.350513704	80.0	0.00473904073555
164.296789053	80.0	0.00461155751007
163.90955619	80.0	0.00408560275276
165.693084402	80.0	0.00118941254118
163.302612056	80.0	0.00524543831826
167.336862567	80.0	0.000705249425935
163.826951457	80.0	0.00424167249049
164.430105056	80.0	0.00492799266149
164.036051711	80.0	0.00399949312914
165.927175707	80.0	0.000475937673438
165.01822292	80.0	0.0060869560023
164.97052124	80.0	0.00616756952259
167.46809253	80.0	0.000886274984582
163.834592142	80.0	0.00422718415753
162.430039921	80.0	0.00744533019547
163.863234178	80.0	0.00417296367159
166.244616488	80.0	0.00035157662673
163.105556916	80.0	0.00561682077863
163.0330761	80.0	0.00575091095924
163.766867739	80.0	0.00435592422139
163.633849482	80.0	0.00461041108614
163.682908774	80.0	0.00451636001905
164.475732715	80.0	0.00503616234162
163.404800231	80.0	0.00505020411292
165.271689529	80.0	0.00392915662837
164.846671512	80.0	0.00589562911303
161.81872479	80.0	0.00771546053616
165.04422661	80.0	0.00587648749284
164.177812147	80.0	0.00433038529513
162.705636053	80.0	0.00676513362931
162.048145998	80.0	0.00789397875661
165.152230948	80.0	0.00495811220775
165.217257225	80.0	0.00439394070053
163.769210129	80.0	0.00435146021824
163.193122853	80.0	0.00545284556802
163.952145621	80.0	0.00400567759758
165.127479975	80.0	0.00517248806951
161.650670715	80.0	0.00717984285518
160.425258385	80.0	0.00709047221238
161.790555269	80.0	0.00764838026801
164.093375715	80.0	0.00413259003276
164.749313478	80.0	0.00567529250079
163.362441478	80.0	0.00513127873005
162.258643779	80.0	0.00772541819252
164.880437054	80.0	0.00597078426852
163.155248045	80.0	0.00552400867966
163.454542437	80.0	0.00495480805828
162.028840197	80.0	0.00789925203573
161.714565792	80.0	0.00742055151662
162.974954159	80.0	0.00589890166155
161.956119849	80.0	0.00789797187501
162.575624021	80.0	0.0071176277795
164.368071848	80.0	0.0047807300025
164.094679613	80.0	0.00413562966728
162.638327862	80.0	0.0069540594842
165.854651743	80.0	0.00064438914779
164.609154461	80.0	0.00535058247435
163.185439291	80.0	0.00546730958799
165.116019776	80.0	0.005271268689
163.421864259	80.0	0.00501749806346
165.368922006	80.0	0.00314082220494
164.441160761	80.0	0.00495421949336
163.991917365	80.0	0.00393141825811
162.89169665	80.0	0.00618238390318
161.582350867	80.0	0.0068784228357
164.912096499	80.0	0.00604058710455
165.954299464	80.0	0.000423062155787
164.886152244	80.0	0.00598343400304
163.402589547	80.0	0.00505443952872
163.700515255	80.0	0.00448265411997
164.636131973	80.0	0.00541363104603
163.620427607	80.0	0.00463616927515
163.67317295	80.0	0.00453501005231
163.483790843	80.0	0.00489864966598
162.0714124	80.0	0.00788531857794
161.906764729	80.0	0.00786071203542
162.986305831	80.0	0.00585941007598
161.451179149	80.0	0.00619626169709
163.169157406	80.0	0.00549791424831
165.383490734	80.0	0.00302906703016
164.018662861	80.0	0.00395934200431
162.72544606	80.0	0.00670708983627
161.412767992	80.0	0.00597665306596
161.996799845	80.0	0.00790432758406
165.255470572	80.0	0.00406639215164
165.735178444	80.0	0.00102228153093
163.551417672	80.0	0.00476871822913
163.816177817	80.0	0.00426211806444
161.926472604	80.0	0.00787945620187
166.608357823	80.0	0.000361507164644
164.395870344	80.0	0.00484673523785
164.406332305	80.0	0.00487157250333
163.963253781	80.0	0.00398489897956
163.97038767	80.0	0.00397156988832
164.230788314	80.0	0.00445530939626
162.762363711	80.0	0.00659615991284
166.169293776	80.0	0.000349549108879
164.283304346	80.0	0.00457959268144
164.131330326	80.0	0.00422127004177
