13.664979
12.878381
15.157137
14.388893
15.288549
15.372265
15.427832
15.193551
14.408605
15.103653
13.536085
12.691007
12.639937
15.216969
14.590103
13.632600
16.125611
16.299635
14.593684
15.563419
14.749132
12.544489
13.409746
14.896320
16.717997
16.547063
13.289835
16.243138
18.010524
12.581810
12.821006
15.910200
16.102150
14.375830
10.894206
13.505888
14.156994
11.825977
15.417999
14.486795
14.818253
14.765276
14.181059
16.035333
13.476440
15.145989
13.872001
14.152545
14.322495
14.405369
14.052844
12.886395
13.207022
14.851755
15.207367
14.647660
14.940942
15.104984
15.337242
15.716872
15.945518
15.409607
15.557345
13.866716
14.947880
15.526185
13.392885
15.877007
13.247965
15.505204
14.235971
13.445842
13.461407
13.702704
13.050575
13.923756
13.997402
13.774048
16.589180
14.900681
14.969126
13.411603
13.710522
15.042771
17.081118
15.359088
14.204227
14.801422
14.692241
14.772479
14.050976
14.598542
12.630484
15.322464
14.319986
14.970294
15.731110
14.719421
16.242892
13.957220
15.660503
12.671119
12.513996
15.327082
14.307554
16.969434
12.224328
13.584569
16.355466
15.423263
15.401750
13.785259
13.715104
13.287814
16.460368
15.225924
14.556169
16.100485
14.321733
14.720874
14.981915
15.084878
13.948762
14.071152
12.697411
15.372550
14.540288
14.477254
14.905461
14.407718
13.237866
14.564488
14.675009
18.025821
13.738504
15.798882
12.890195
12.965466
13.894621
14.065220
15.607085
14.869804
13.004393
13.487606
13.272637
15.380581
14.236688
15.019639
14.848850
16.244989
16.125602
15.268586
15.745791
16.749334
14.359318
14.333076
11.880189
14.910579
12.921268
12.836434
16.515743
13.492947
16.826383
12.700629
11.142465
15.578074
13.738560
14.943499
16.027669
14.243128
12.401235
12.142546
13.270700
15.474764
13.845808
15.709279
15.511852
14.616611
14.486220
14.511392
13.738902
16.080521
12.909309
13.341120
15.897366
16.119777
17.458690
13.674339
15.565610
13.600528
14.111597
14.878670
13.966388
12.947914
15.557812
13.972278
13.391276
14.195146
13.654725
13.425703
14.764571
14.808807
13.826886
15.363438
14.451821
14.687629
13.689550
14.707977
16.221946
12.550214
15.465795
15.367865
16.626362
15.075418
14.433284
15.175344
14.307536
13.691764
14.457390
14.200874
13.655592
14.508992
13.168789
14.071844
14.578106
12.677654
13.996271
16.559016
12.119469
13.569286
13.294319
13.392046
16.272667
13.765370
13.384636
14.005125
13.943475
12.625836
16.078919
14.156438
14.558189
13.929014
16.140008
15.180564
12.887267
13.500838
14.030849
13.471262
17.239498
16.797470
14.249869
15.487038
17.277149
15.471005
14.963741
12.142502
16.441559
14.442671
14.203861
15.214334
11.872510
13.921161
15.653674
14.511951
13.309568
14.663644
13.803493
16.646712
16.986776
12.961462
15.888895
14.619932
13.211725
16.328379
14.236944
16.038025
15.282886
16.301766
13.360229
13.732561
16.503696
15.569682
14.835157
15.082355
15.935295
13.409706
15.510755
11.182336
14.321261
14.843552
13.842840
12.462286
15.129914
13.402820
14.929631
14.468999
15.203856
14.795727
15.109930
15.245549
15.182709
14.060605
15.005758
13.636923
11.943007
17.194618
12.470893
13.469414
13.734385
16.442039
10.878409
14.675898
12.194903
15.903499
13.613961
14.811534
16.070153
14.726611
15.672161
10.920491
15.323037
15.074946
15.578031
16.300007
15.814785
13.634184
17.018267
12.231170
16.156708
16.047277
16.250334
15.504048
14.460216
13.913224
13.766542
12.550078
15.276568
14.665702
13.377971
13.922644
14.465273
14.266010
14.330133
15.320616
15.196744
15.040911
15.187195
17.158624
14.884567
16.503586
15.100925
15.607107
15.001264
14.854074
17.357893
15.086822
13.145895
17.197555
12.400295
15.263537
15.319001
14.698244
16.838207
14.136479
14.106930
13.109535
17.382824
14.659625
15.864175
15.740054
14.314036
13.989356
15.857176
15.081036
15.680545
13.533710
16.061035
16.341106
14.393712
13.952302
12.958341
15.182898
16.989905
12.036537
15.626326
15.104938
15.242879
16.201486
14.421769
14.667609
15.862941
15.067329
14.489339
13.989437
14.008564
12.814488
13.242101
12.679122
13.455142
14.109257
12.937378
13.536906
15.240835
14.335818
12.836884
15.862489
13.836831
13.693198
13.410866
14.277515
16.008110
14.084110
13.550402
13.608100
12.776568
14.417385
15.970858
15.906518
14.833100
13.634488
14.850583
14.502663
14.402645
13.992292
14.092471
14.481117
16.975500
14.711604
14.459585
16.598759
17.178940
14.808480
15.267724
13.641384
13.989585
16.636095
15.914515
14.731137
14.011407
14.343706
14.151673
16.386511
16.162510
14.729256
15.308264
15.731863
15.539957
15.794240
14.524774
14.802378
15.318810
15.486297
14.541807
14.350117
14.094829
16.904467
14.631343
13.047835
14.006803
15.887168
14.237393
13.194358
14.898525
15.750931
15.534648
14.555104
12.807604
13.177235
13.669195
16.749998
12.427296
14.316536
14.887443
15.295356
16.149485
15.475468
15.880147
16.342579
16.637460
12.706453
16.007645
14.996077
17.356978
14.560818
12.977681
14.627404
13.122499
14.782628
16.750644
13.358735
13.254389
14.888959
14.644817
14.343981
13.527928
13.948354
13.875519
12.946683
13.463050
14.091170
12.697429
13.659118
14.166671
16.308212
15.390349
14.354763
15.281951
13.695451
14.301990
16.426350
14.891537
13.024048
15.023457
12.996077
14.815289
13.980962
15.652380
13.688754
13.634880
16.073496
13.170118
15.501726
16.954138
15.236632
14.198230
14.105411
14.849094
13.856692
13.936056
15.656640
14.039255
14.919290
14.325467
15.324151
16.492307
13.042826
13.367816
15.165063
15.162902
15.053754
11.751435
16.355917
14.964782
13.997016
18.617461
14.393299
14.263332
15.760377
12.857953
13.524059
14.297602
13.960882
14.552257
14.832564
15.339763
16.503570
16.377048
14.263491
12.691836
13.305270
15.501423
16.190594
15.325083
14.800673
16.175222
13.716367
14.068600
13.964290
15.688724
14.231364
14.849883
15.579647
15.401810
14.511035
13.376679
15.114617
13.050677
10.942868
14.285520
11.601088
13.566007
17.044230
17.164571
14.387645
14.887995
17.360340
13.818679
16.478648
15.699086
14.581223
15.081092
16.178626
14.505247
14.582250
14.622907
14.272430
16.366201
12.886480
16.477741
14.541385
14.102863
14.540869
16.308778
14.479862
15.301922
13.847741
16.083663
14.091591
13.518244
14.538320
14.128014
15.495963
14.651940
13.927898
14.962164
17.486287
17.409814
14.315645
13.426159
14.105870
15.107496
16.006166
15.942794
12.969548
12.406316
14.239405
12.505597
12.273092
14.356398
14.377655
12.632989
15.393628
14.493874
14.725458
12.878464
14.384385
13.917100
13.276040
14.090079
14.603942
15.358560
14.094508
16.171721
15.318864
15.881476
16.537748
14.736566
14.312075
14.908174
13.615871
17.392979
16.380251
13.134644
12.057124
13.745105
16.798596
13.723506
15.614162
15.522017
14.090566
13.692389
14.221563
15.901146
16.445470
13.208231
14.609426
14.535147
17.132359
13.275131
15.092966
15.034555
14.479789
14.030185
14.660632
15.035164
13.624048
14.661044
12.217146
15.666674
15.055812
15.296540
14.129639
13.665902
16.795739
15.416214
13.499534
16.178668
13.255551
14.456899
14.271551
14.436046
15.767936
13.735046
13.735385
14.264863
14.930783
13.611631
14.258843
15.890467
15.145580
15.632659
13.086866
15.977258
14.367945
13.971436
11.106347
13.438216
16.753280
15.388935
14.967657
13.972268
12.605486
14.464105
14.946637
16.103028
15.257551
12.851111
14.292055
15.509503
14.528759
15.659459
16.130078
15.103377
15.843244
14.231207
15.048855
14.712411
14.160103
13.456889
12.546467
13.312471
12.597142
14.748750
13.709056
15.254130
16.207791
15.645073
15.860986
14.372065
15.137212
15.225210
14.340668
14.310098
14.318997
15.101191
14.704289
13.784907
14.346302
13.411321
14.712454
13.326848
14.101585
15.449687
15.526218
11.386434
12.228342
13.927915
15.554270
13.466039
13.255101
13.524482
14.418252
15.865094
14.528720
14.487678
16.030816
14.286412
14.053148
14.779362
14.321306
14.247381
12.489720
14.724228
12.278848
15.296550
14.249986
14.718998
14.023057
13.414429
13.459447
14.191649
14.385234
13.587390
13.129669
14.568859
14.021862
13.592674
15.384184
14.939221
15.083597
13.454752
14.191584
15.775817
13.468819
15.085818
13.211944
13.404549
13.391800
14.161909
14.746496
14.430487
13.950640
14.192215
14.818248
14.325451
12.690319
14.644686
15.305976
16.572293
14.424393
12.601621
15.016298
13.091043
13.859039
15.478653
16.795420
14.208404
14.915998
16.410363
14.760754
15.767917
16.544445
16.803079
13.173325
13.729654
15.839795
13.583433
13.968081
15.270648
13.202171
14.632790
14.456792
13.979997
15.680753
14.953547
15.447014
14.260882
13.335579
13.238034
16.252761
15.442944
13.824673
16.399064
15.677016
14.373311
15.269052
15.861570
14.691489
14.667427
15.049886
15.002329
14.801473
13.696729
13.456436
13.413068
14.766143
14.095675
16.030037
12.047081
11.710867
15.135417
15.695541
13.079177
14.309644
13.220901
15.136093
14.130887
14.984028
17.387137
14.043948
13.251795
13.447062
15.049889
15.943000
14.802313
15.228934
12.975225
15.563802
13.620118
16.210526
17.503854
15.332142
13.007893
15.447407
13.198210
13.717536
14.763596
12.967595
15.051882
15.406265
16.072211
16.323742
14.681039
12.506200
12.270176
14.790776
13.092857
13.116815
14.286610
13.333628
12.439745
15.821603
14.541907
15.078574
15.495739
13.482958
15.158454
14.531478
16.886787
14.429832
15.832579
16.159579
15.258550
14.898730
15.291484
14.084972
17.865007
16.241425
14.769222
12.611896
13.530626
15.335817
14.124086
14.118109
16.601217
13.614849
11.975660
14.304535
14.383528
13.599316
14.595888
15.972492
16.461540
13.968352
13.434875
15.201175
12.812712
15.644698
13.352261
15.541671
13.234644
16.054938
12.791940
14.200199
12.092499
15.761501
15.618978
12.463551
17.136894
15.369258
14.708908
13.273357
13.153631
14.154610
14.967061
14.515571
15.907389
14.146004
14.262309
14.635312
14.029000
14.414040
15.884759
14.070013
16.446263
13.270092
16.366711
15.312532
15.355401
12.308036
14.688547
14.363594
15.580716
14.895299
15.686786
16.118760
15.018641
14.676735
13.411783
16.061546
15.180158
14.279965
15.617198
13.857890
14.561793
14.176256
13.741986
14.255705
13.709738
14.023770
13.897121
14.031500
15.028299
15.284374
13.988552
15.172798
16.522247
14.283380
15.530525
16.599959
12.880649
14.717817
13.305802
12.848815
14.342151
15.006682
14.299704
13.340480
15.710447
14.358164
14.148411
11.997959
13.942985
17.367091
16.398603
13.714841
14.268778
12.999261
12.592731
15.429643
14.268000
12.823008
14.634991
14.547558
13.671227
14.193313
14.885600
15.647293
15.226552
14.328354
14.900625
14.590210
14.783060
14.884658
13.845837
14.795641
14.745657
16.028723
13.037369
15.055577
14.299212
11.586369
14.015015
13.559349
15.779786
14.483525
13.380291
13.787754
14.190556
16.305422
15.901406
15.849601
17.239873
14.431867
15.030920
16.260570
14.131876
14.163788
11.815382
16.743379
16.328958
15.552934
14.627494
13.505572
13.834281
13.194795
15.897775
13.117823
15.138703
16.021748
14.640325
15.402620
11.682323
15.175784
17.758501
14.244344
13.492451
13.396547
15.058192
14.185309
12.140441
14.646100
13.324222
15.981852
15.907998
15.622732
15.435773
15.665403
13.701680
12.979119
15.525185
14.859711
15.116796
12.191855
17.520710
16.654894
14.157838
10.362742
16.578210
13.834247
12.979629
13.745717
13.403595
14.194788
13.633969
14.602615
15.979695
16.638562
16.135862
12.280199
14.511764
15.517789
13.667236
15.993768
14.317943
13.765437
14.877659
13.420974
15.592416
13.438817
16.302848
13.584343
15.935705
14.078095
16.289488
14.697176
15.751208
15.882195
11.035982
12.641639
13.980126
13.087896
14.705353
12.684412
16.151696
14.656893
14.403292
14.041096
15.310532
14.614509
15.263996
16.737419
16.127994
12.233104
12.525877
14.782725
14.696583
15.115538
15.105876
13.138726
14.143865
15.525068
15.184405
14.145298
16.112252
14.085396
15.660694
12.012463
15.053589
14.018021
15.629314
14.469053
13.802924
14.613553
12.490849
15.940582
14.802715
15.090946
15.724695
14.319494
15.382564
12.575834
15.521758
14.356492
14.756733
14.870288
15.016309
15.127187
13.576732
12.132538
12.664471
14.358823
15.430132
14.822307
15.988500
12.559199
16.088249
13.702073
17.079270
14.781460
16.396452
15.089664
13.147734
12.818477
15.705106
14.304734
13.874256
13.114105
14.627276
14.500890
14.625936
13.736567
14.200062
14.424725
13.910298
13.187692
15.184553
15.337356
13.987264
14.034416
13.484241
13.696426
13.686107
12.980538
14.295844
13.028229
14.419542
14.655353
16.419314
11.700536
13.784988
12.318650
15.321915
13.839784
13.069340
13.526079
13.554028
16.190895
12.508477
12.846809
13.303794
15.594295
13.587979
14.379760
13.810836
15.668707
13.223629
14.809662
16.491956
13.161106
15.575259
14.899990
15.364351
13.696411
13.256254
16.036810
14.986738
15.698351
15.615783
13.994087
11.804782
15.076588
15.803949
14.795132
14.282967
15.128093
13.177087
15.321916
16.352982
14.472858
14.049487
13.688120
13.295203
11.770637
15.257391
14.575024
14.102666
16.172327
15.015451
16.709397
15.128109
14.140250
16.314877
14.049943
14.925232
13.326180
13.516711
15.059795
13.188039
13.743383
14.055543
13.126347
10.769413
16.438735
14.414194
13.121633
12.274835
14.048110
14.331175
14.884361
12.854549
14.289284
14.997747
16.329719
15.569208
11.700640
14.184947
16.408484
13.969702
13.007979
14.924744
12.226213
16.214506
17.005185
14.494708
15.610481
12.729526
14.033628
14.097350
15.365588
14.075800
17.024396
13.494055
14.969061
16.461597
14.000353
15.484253
14.691714
15.192787
14.430942
13.577536
16.114060
14.206879
13.654221
11.192149
15.362782
14.203239
15.051787
14.899631
15.788029
13.764181
15.466316
15.234502
13.639813
15.673016
12.780952
12.484612
16.182747
13.049651
15.578553
15.480935
14.894749
13.608009
16.135143
13.520692
12.867704
14.668370
14.695897
12.458204
16.589241
14.289858
14.935755
14.932863
13.981720
14.388584
14.009102
13.681077
14.828526
14.152495
15.359797
14.556738
16.048074
14.529155
12.968777
13.596376
15.936853
12.955239
14.740076
15.188702
14.485013
14.893362
11.763885
15.949337
13.521892
11.884795
13.534483
14.647855
14.950800
15.864416
14.083585
17.241648
12.562457
15.911848
16.127048
15.386823
15.965171
15.773261
13.846285
14.405176
13.958421
14.353376
13.310681
13.368713
14.922723
14.585464
15.437350
15.009564
15.959016
14.839978
14.141552
13.501474
14.570546
14.702993
15.638249
13.767831
14.371601
12.946788
14.512718
16.039873
14.035349
14.711348
14.832715
16.207306
13.696027
13.521879
14.201431
13.485821
13.360098
14.405982
15.295878
15.873145
12.594227
15.027502
14.427835
13.743308
16.259002
12.100388
14.655031
15.944045
14.092608
12.479296
12.851271
14.451825
14.364941
14.607954
12.924981
14.002255
15.549059
13.134280
14.308872
13.480362
14.311527
14.950035
14.814772
16.828792
13.850765
15.315555
13.765202
14.977303
13.888966
14.054464
17.062611
12.423825
14.601575
13.926742
16.334681
15.340174
15.328102
13.443871
14.238592
13.554799
12.564989
14.121934
14.378730
14.895201
15.518629
15.165565
13.915636
12.742021
15.745698
15.515843
14.027002
15.168667
15.592239
15.044640
14.700202
13.769781
15.270323
14.006719
14.434684
14.316219
14.769055
13.961368
17.042723
11.762589
13.293101
12.244992
15.963180
14.844353
16.601293
15.461092
16.180930
14.940256
16.297589
14.219892
13.908476
14.762014
13.614364
13.639756
15.099744
14.752257
12.441079
12.085434
13.847756
14.746826
16.289274
13.472701
13.529854
17.160989
14.950010
14.329740
13.824056
15.378255
13.744694
14.651749
14.177269
13.066222
13.879681
13.590160
16.201372
14.545521
14.112554
13.403368
14.805623
14.909320
14.347336
16.268690
14.678524
14.575665
15.558340
14.143470
14.720122
15.277228
13.620243
13.378878
15.064288
13.170771
14.706239
12.560309
14.874642
15.207512
12.035605
15.052094
13.586974
11.737056
14.548297
16.341969
16.003057
12.931697
13.362723
13.992762
15.413520
12.590742
15.685785
14.308122
13.428655
17.120133
15.726125
13.209953
12.281587
13.709559
13.694471
13.809183
15.501170
13.412844
15.275364
15.642677
14.343724
14.527475
13.762761
14.014365
16.196936
14.359352
16.238308
13.175416
15.629936
13.967116
18.169081
13.818380
14.475724
11.494718
13.199522
14.753245
12.875401
13.521393
16.192780
15.557757
14.714332
16.343161
15.740347
15.123203
12.917328
13.684418
14.529660
13.742086
14.943281
13.917754
15.207858
12.814018
13.757454
14.388868
14.923658
15.922945
17.412867
14.069173
14.630949
14.019184
13.212715
16.411619
15.580151
13.699967
15.624082
16.961728
14.366540
15.445016
12.849421
14.551891
13.873634
13.826467
15.794321
14.370749
13.822850
13.998923
15.484439
14.729753
13.515551
13.219351
13.125887
14.673306
14.208092
14.733028
14.263208
16.069103
15.046102
14.042068
14.314876
14.727320
14.999337
14.509605
12.393659
14.841553
16.041305
17.252370
14.119254
16.114061
14.363240
16.341469
15.161790
16.274864
14.160896
14.871665
13.885576
13.457617
13.531262
14.590601
13.846088
15.777887
17.686122
15.366156
15.374380
11.408090
14.200411
14.500844
13.624709
12.977861
13.409114
14.944627
13.248678
13.595179
13.783852
13.871291
14.333710
15.036215
13.727256
13.826205
15.833531
15.448856
14.215583
14.150299
13.747621
14.113571
11.102705
14.230270
16.681976
12.525623
13.553014
16.601341
11.998310
16.028791
14.694023
11.988798
17.495045
16.185260
14.390451
13.121733
13.200410
14.660906
14.325097
13.682437
14.843110
12.635115
15.061644
13.290925
14.027700
14.725467
13.502304
13.164832
13.174907
14.347399
12.265658
13.470695
14.911527
13.473258
14.709405
16.584202
14.483844
16.883214
14.885999
14.037131
13.703988
15.806042
13.630394
13.044267
14.367210
13.555687
14.228619
11.438766
17.364828
14.148547
15.068743
15.655398
15.284520
16.242682
14.398055
15.421798
14.389447
14.581328
13.284977
14.671552
15.924941
13.108228
12.004740
14.163937
14.387337
14.169049
15.900844
15.241634
13.748065
15.959672
13.634459
13.621338
12.793863
15.402366
15.764395
15.827063
13.774945
13.626294
14.412328
16.472510
15.333598
15.119077
13.875813
15.609910
14.526343
13.793560
15.672496
15.415105
12.019482
12.684636
16.195362
15.361025
13.933746
15.315041
14.588982
14.632559
15.086655
16.609434
15.305852
15.330795
15.208178
13.639333
15.520940
14.169440
14.814931
15.139129
13.375916
12.994508
13.658560
12.569741
15.258984
16.040509
16.156429
13.786798
12.781240
15.551944
14.942831
14.216817
15.840854
14.465347
13.179707
15.726931
13.849395
11.825765
15.573626
14.251540
14.887126
15.387610
15.172844
15.098030
14.230363
14.890457
15.605238
16.255238
15.549488
14.928534
15.360509
14.819639
13.123869
13.576837
13.905954
16.512454
14.404669
14.688869
14.786811
15.008979
14.083217
16.639419
15.156988
13.581865
15.560312
15.266409
14.380815
16.075529
12.764786
13.237413
15.284949
13.766752
13.652250
14.266795
14.199221
15.826475
14.529844
15.210893
13.509295
18.495690
16.342420
14.049999
13.644091
14.105962
13.356545
15.479899
15.062111
14.057364
16.063540
14.485279
12.179673
12.463146
17.026476
16.122137
15.400566
16.300481
14.954360
14.958812
15.310200
13.716851
14.562895
12.427065
15.206103
13.249217
14.985015
15.679250
13.273868
16.454825
13.157471
11.617284
14.933126
14.509276
12.235841
13.554711
17.166518
13.419373
13.352577
13.379319
13.121174
13.873296
13.238178
11.124679
15.002008
15.367097
13.917819
15.107971
13.604297
12.644135
14.421522
14.952189
11.736339
14.009112
13.470152
13.875078
17.780327
12.799291
15.325922
12.902809
14.352171
13.214137
15.306610
13.866030
17.177666
14.361712
13.575868
14.232041
15.293575
13.609603
13.831509
12.944328
15.181459
15.765089
14.123525
14.934520
13.567166
13.969739
14.660173
14.109502
14.881357
14.646171
15.662537
14.275695
14.556669
11.756230
15.245441
14.654474
13.660954
13.288948
15.013615
16.728396
16.038081
15.011114
14.673703
14.158134
15.181321
15.960740
15.807939
13.055928
13.163332
12.836956
14.748688
13.537462
13.667788
14.636629
15.374791
15.645121
13.644915
13.994145
14.573532
16.702625
15.151698
14.364735
17.384565
14.557540
15.990165
13.552274
13.156384
15.102427
15.466033
13.381130
13.958811
17.031906
16.439363
12.964592
15.743177
17.557462
16.406632
14.010181
14.370879
12.282063
13.824166
15.599240
12.892271
15.122258
13.798452
13.393775
14.100259
14.428714
15.837266
14.226580
14.433617
14.949730
15.598906
14.396077
13.001003
13.910605
16.221591
16.441670
15.213816
14.636496
14.826717
13.827830
14.654323
14.370060
13.517940
12.666106
13.239607
14.363185
12.201477
12.871153
14.107070
13.774818
14.386101
17.290164
12.672900
14.084807
15.407660
15.950350
16.113652
13.714337
14.055355
14.301693
14.158220
16.065893
13.964663
15.149577
13.297370
16.329954
14.900663
16.212605
15.461726
16.089672
13.599332
14.851616
15.402094
13.059756
15.279577
15.064601
13.041058
14.135473
14.505129
14.881464
13.491558
13.984693
16.455757
15.220056
16.430377
12.913693
12.909261
12.684732
14.897762
12.688701
12.980656
16.884371
16.478590
13.530291
13.148612
15.192706
15.379887
15.557285
12.975815
14.475352
13.502031
14.569605
13.682018
12.812435
13.755033
15.965918
16.659588
15.828966
13.762138
14.557890
12.682703
14.560161
15.053243
16.085036
10.978398
13.727497
14.367377
12.935077
17.129847
16.338291
13.946716
15.415831
15.036848
15.762261
13.046573
14.687077
14.936560
10.619307
15.384380
14.832767
14.192829
14.777091
15.201193
15.130592
13.321482
14.872211
15.029813
12.250156
13.298865
14.639353
13.803121
11.865058
13.062529
16.685742
15.638405
14.381975
16.032294
14.924400
15.139729
15.657292
12.518554
13.019070
14.575468
13.248715
14.755213
13.328771
15.954701
13.349301
14.725629
13.631777
13.565304
13.844537
14.501612
14.529903
14.142826
14.284404
17.208285
14.664424
13.139372
12.819212
14.526306
14.346818
16.460474
13.269293
14.934310
14.688863
14.870869
13.687826
15.282134
15.049315
13.539707
15.027408
12.574505
14.159341
15.384551
14.229882
14.560939
13.342737
14.146402
17.297622
15.153149
12.958587
13.749047
16.251521
15.433313
15.067983
15.456587
16.419297
14.351773
13.691177
14.701462
14.812092
13.507305
15.741822
15.332354
14.667964
15.078528
11.422088
14.105454
16.215669
13.615906
16.374050
13.062261
11.972593
14.850965
13.442028
15.153549
13.486136
15.224881
14.920716
15.975235
15.655573
14.569345
15.797677
14.545727
17.816198
14.044094
16.266065
14.268843
13.628057
13.822343
15.238085
15.108063
13.675477
15.862982
13.881589
13.570290
12.910092
15.118554
14.468377
14.442129
14.659512
12.651778
12.596179
14.422732
12.513822
14.974321
13.539668
14.049219
12.532137
11.994387
14.249349
13.719313
12.091710
15.338018
15.699080
12.940396
15.549486
14.621317
14.382873
15.001620
16.766534
14.575659
15.770933
14.706788
12.389197
15.057649
15.463999
12.377869
15.852474
16.612045
13.277170
17.068543
15.183793
13.587220
15.314013
16.172018
15.799699
14.972817
11.372037
13.778303
12.893270
14.660153
13.929394
13.611066
13.446640
13.316963
14.925890
15.047854
17.279798
16.600956
15.476177
14.911101
14.423627
17.531276
16.736439
12.339240
15.863534
14.811033
12.013302
14.423343
16.235957
16.025869
15.757534
12.135639
12.851837
13.022102
14.630081
15.353990
12.827939
12.915297
16.196222
13.486767
14.926725
13.986147
15.990530
15.887899
14.780150
14.894096
14.305510
14.716346
13.572574
15.492697
15.181562
13.514450
13.320949
13.617276
13.599670
15.236635
15.135236
13.957465
14.362318
15.183947
15.623557
15.467752
16.253414
14.749831
10.918715
12.339727
13.996533
13.848712
15.128499
16.059748
16.159380
14.871709
14.143705
14.303103
15.442081
12.141601
11.129884
15.229751
15.168513
13.455541
13.083040
13.267469
12.494638
15.406683
16.626039
15.914653
14.948727
14.954013
16.260242
14.089503
15.212796
15.466968
12.683844
15.088231
16.364550
15.712652
13.627233
15.158643
15.410067
14.984149
17.330781
15.780885
15.633347
14.227879
13.470668
16.432758
17.209798
17.882987
13.325852
14.354892
12.924459
13.054674
13.007794
14.764158
15.290687
14.661777
13.704951
13.969074
14.965541
13.879955
15.019470
15.425796
14.555571
13.850807
15.376549
13.501135
13.176153
17.428415
14.608865
13.688752
16.992382
12.562799
13.449514
11.796715
16.169090
16.023012
13.250560
13.662591
14.878333
15.326660
14.264889
12.789401
15.746955
16.406921
15.749992
13.941303
13.195849
12.909030
15.987452
12.428615
16.597075
14.916755
15.818032
14.875612
12.912517
14.222381
13.425018
13.383616
14.655177
15.342630
15.368864
15.870350
12.425220
14.852226
14.002234
12.838644
12.156860
15.897449
14.193703
16.197922
12.015294
14.441746
14.984717
13.933184
14.970014
15.149796
16.446265
16.354327
13.639263
12.493467
11.574019
15.438454
14.114246
14.483169
12.672709
16.778234
14.181356
15.431011
14.882910
14.019870
14.099009
13.936884
13.755192
13.136325
13.940513
13.095861
15.891398
15.321225
14.432843
15.319868
15.582504
14.846874
14.325331
14.976486
15.723360
12.585865
14.445273
16.863926
15.917262
14.232926
14.525866
14.198993
16.356597
13.795684
12.443345
13.597789
16.110605
13.243892
14.848943
15.580050
16.742978
16.305750
14.167353
12.637342
15.573548
13.103233
14.994727
13.625216
15.085607
14.201298
16.393921
13.150462
15.684133
13.314370
13.182282
16.035601
17.024346
14.149885
13.571299
14.601375
12.871536
13.046381
15.751577
12.830004
12.912836
13.610202
14.886843
12.708687
13.922153
16.420427
14.653121
13.413416
12.512697
16.110838
14.000519
15.318838
16.133022
12.661065
12.563552
14.908243
15.428723
13.326398
13.382548
12.131534
14.157396
14.107494
16.645166
15.526751
16.142084
14.153010
15.255112
15.326191
15.106926
13.690054
13.407835
12.323148
14.451806
13.364207
14.953975
13.623286
14.823023
13.790827
13.838651
13.923827
14.436554
14.684116
14.494807
17.378156
13.509877
12.049421
14.564491
15.154787
12.673961
12.119160
13.701451
15.748924
14.003926
13.261293
15.113813
15.769677
13.750963
13.404169
14.732338
12.990764
15.842166
16.003401
12.947175
13.030823
13.583670
14.313749
12.860154
15.290536
12.899529
13.569670
16.595534
14.717216
14.605848
12.861174
13.634632
16.578640
15.505551
13.495422
12.037793
13.676123
15.631929
15.138454
12.528618
14.172367
12.802476
14.588439
12.944311
15.607933
14.381803
14.673961
13.962379
15.202684
15.814309
14.712548
13.023460
15.949448
16.024935
13.527546
14.622178
14.110973
14.703755
12.678521
14.052107
14.496723
14.665829
14.263887
13.161774
15.777946
15.420783
12.755185
14.699098
12.794177
13.489605
15.647960
14.713680
13.724223
15.685095
13.717959
14.565696
14.015199
13.187127
13.536535
15.462536
14.178642
13.793400
14.359631
13.812333
14.584763
14.571943
12.250600
14.987950
12.744664
15.404309
14.447456
13.028019
16.678585
14.479263
16.439347
14.205402
15.688303
13.867300
13.539088
13.518620
16.362805
14.349893
14.324801
14.543841
12.259838
17.950331
15.011702
15.129936
14.500005
14.753474
13.538213
17.004771
14.619776
13.789833
13.461457
14.934253
11.954333
15.473319
11.914408
15.405878
14.886282
13.590677
15.393370
15.694209
13.364883
11.706881
16.093420
13.532742
15.928939
16.168945
12.360909
16.616910
14.131109
13.593455
14.175951
13.503646
14.465884
13.420669
16.241968
12.354836
12.321591
14.796389
14.684266
15.676359
11.815057
12.796153
15.716942
15.543624
14.040086
17.562636
14.269117
15.051422
14.478353
15.469229
16.739670
15.050793
14.213283
13.541048
15.672814
14.875377
14.129291
14.255914
12.458083
16.093773
12.328268
16.316143
14.843408
16.936122
14.272807
17.303384
15.997581
15.076077
13.865453
13.851097
13.446834
13.486541
15.205502
16.967169
12.584966
13.048499
13.407675
13.754897
13.721401
16.289769
12.267588
14.372610
16.767200
16.820020
13.781536
13.849092
11.320660
12.938632
15.896865
16.485334
13.075009
13.159155
12.679306
15.418419
14.260508
15.370881
16.543802
16.160522
15.751235
14.426260
12.297814
15.901782
13.235625
14.147456
14.722276
12.522348
13.609042
15.364947
14.370081
15.082664
17.259678
13.889980
14.217190
11.971624
13.662572
13.613892
13.617110
16.952160
16.195393
14.977436
13.907402
14.845031
14.835026
14.098777
12.786771
14.147946
12.327352
16.416377
13.150946
17.078444
14.486505
13.544330
17.262096
15.194082
14.048803
15.632691
16.399058
14.296937
14.360273
13.573112
14.343081
15.506645
14.784655
13.988209
15.342873
13.420031
13.882936
15.851921
15.217889
11.726957
15.872184
10.275788
15.587552
12.801889
17.267340
14.721776
14.167217
13.215870
13.566681
14.132933
15.018710
14.412943
16.227131
17.379040
14.370905
14.419750
15.592107
15.241657
13.136802
14.760294
15.969331
13.792856
15.568774
15.397554
15.385762
11.908752
16.852238
15.218902
13.379006
13.845786
15.361919
13.858070
14.210932
13.848756
13.833371
15.963899
14.822744
13.066737
15.493442
13.608059
15.876337
14.397983
14.783236
13.827206
14.921984
14.463761
14.332825
12.228804
14.730368
14.711896
14.226851
15.894686
12.728989
12.505116
12.863382
14.647116
15.345412
12.822933
13.882501
14.570433
14.285833
13.945549
16.140273
15.227560
12.009150
13.880304
13.240470
14.626133
11.392804
15.467598
13.355714
14.652246
12.812651
11.744295
15.501948
17.821023
14.570646
15.275827
13.972813
13.679937
14.635869
12.492560
14.837783
15.794960
17.668239
12.990409
12.074278
13.561083
14.247602
11.987122
12.778831
12.421920
15.772451
14.446693
15.169722
14.681421
15.210331
16.815558
15.037990
14.492141
12.335890
12.221936
12.585744
14.131079
15.048295
15.508676
13.350573
13.657033
15.298345
14.943116
14.903212
12.967992
15.253145
14.196032
14.271905
15.218378
12.244029
14.187693
12.830043
15.522545
13.818190
13.056881
14.230267
14.385081
13.246510
12.358889
15.851556
15.100178
14.245719
17.177680
11.548274
11.019174
14.986154
15.763417
15.021551
13.290275
13.072416
13.563559
13.091488
13.265339
15.537200
14.802406
11.852370
14.351484
12.592857
15.547005
15.901286
14.847768
15.660665
13.891342
14.186850
14.468285
13.663972
16.328312
12.581619
15.821611
15.738454
15.171416
12.932661
15.794640
13.720588
15.133791
12.325709
12.723691
14.584653
14.049361
12.558036
15.291859
16.009053
15.416417
13.587133
13.298414
14.099376
15.086450
14.307868
18.460774
14.759830
15.140283
14.825374
15.264654
14.206511
14.455199
14.877331
14.489540
14.872526
15.258212
11.426841
13.966303
13.300952
16.020801
13.657390
14.506354
14.084799
14.687320
13.715146
16.164209
15.241921
12.905490
16.942903
13.399471
14.529595
13.103558
14.783002
14.010138
17.209705
15.833519
15.352917
13.703378
15.569443
16.249664
14.659233
15.451595
13.457716
14.039704
15.398300
14.579033
14.527744
15.374652
15.379347
17.190149
13.968046
16.336904
16.191557
15.905268
14.454034
13.802451
16.446107
15.513333
15.718931
14.896862
13.463602
14.331210
15.408731
12.705570
13.918091
14.839707
14.750338
13.307053
12.543781
11.949954
12.893314
17.361244
14.171710
13.692872
13.863431
15.279256
15.309088
15.102297
12.271945
12.674972
12.072735
16.212257
13.468910
14.308816
12.176927
15.582761
14.381078
15.389539
13.511130
12.027243
14.131987
18.203277
12.884977
13.288086
13.247365
14.940544
14.276759
13.781771
13.707155
13.351117
16.286106
16.045403
15.028844
14.597795
16.740587
13.592447
15.745854
14.194224
14.077207
15.660628
13.734046
13.376163
14.186575
14.309528
11.492372
14.810703
13.427766
13.607504
15.113592
16.120521
14.810519
14.408665
13.964619
16.139472
14.210671
14.526613
14.789515
14.376961
16.888738
14.116731
13.181698
12.641662
13.199041
14.394502
15.578387
12.155074
12.539465
13.287479
13.451630
14.877500
14.128618
14.174993
17.259853
13.665836
15.019617
14.347458
14.427207
15.073908
13.613931
12.446531
16.661642
15.920884
13.058009
12.238922
13.610691
15.409843
12.558557
13.812791
13.946533
15.194519
15.679993
14.965739
12.716676
15.194507
12.202447
14.110804
15.502851
15.305541
14.581610
14.516422
12.079562
11.578953
13.904344
13.869922
17.454340
13.879316
13.943811
16.019070
13.190111
14.414533
14.948585
14.892859
15.225294
15.175613
17.571489
12.243655
12.128431
16.541758
13.598297
16.217306
12.681024
15.766490
15.183366
15.560239
13.681388
15.331499
14.483008
12.239936
14.566729
13.739040
16.108952
17.408708
16.189245
14.205329
14.447161
15.276056
13.707752
14.008570
15.046276
13.942214
12.829235
15.604711
13.348552
13.701987
17.619589
15.516604
15.697365
15.505442
12.816275
14.738330
13.516366
13.820488
15.426454
12.104495
15.600185
11.308692
13.479109
11.951351
17.851466
12.396562
14.148714
12.494292
16.777217
16.242504
14.541543
14.987263
15.430981
13.491355
14.267250
12.614520
14.741934
13.600174
13.927386
13.237965
15.020421
16.060235
15.113991
14.703270
14.868338
14.727354
16.185629
17.762357
14.572996
16.269130
13.513968
16.435262
13.985020
14.733290
14.906066
14.381524
15.406953
17.081205
14.844038
13.235240
13.403911
13.124877
16.266557
12.134226
14.218079
15.400890
16.084700
13.502495
13.701141
13.549321
15.541482
14.372591
15.223882
13.200973
16.759337
15.061174
14.404816
13.683690
13.102167
14.913329
13.654967
16.724601
16.791313
14.031286
14.353192
14.541915
15.108653
13.257971
13.259811
13.698726
14.035863
15.064820
15.429420
16.492010
16.182213
14.746804
13.362212
15.312850
15.547343
14.818566
14.520012
14.741629
15.234957
13.047140
14.233890
13.203525
14.873227
13.163161
16.305165
17.179859
14.512743
15.341723
14.455676
14.365589
14.575507
13.504779
13.406811
13.367641
13.530691
15.640714
14.394895
11.873474
13.743025
18.209017
13.643808
13.058941
15.884251
13.644828
14.174152
13.055203
13.187127
15.258392
14.528956
17.170817
15.795488
15.703682
16.429526
13.046224
12.449089
13.226190
13.551672
12.799590
13.907461
16.081083
13.494540
14.772857
13.414714
13.181474
14.566408
13.841204
14.634598
15.938045
13.451911
13.567577
14.628452
10.220546
13.483637
13.674408
14.123132
14.992017
14.418995
14.776885
14.599779
11.073952
16.762079
12.539628
15.261867
12.775061
13.848989
13.283860
13.045970
13.940390
13.247092
16.418151
13.586732
14.947011
15.659068
15.302639
15.226477
13.764480
13.383774
14.104032
13.392767
12.898860
15.741725
15.281346
14.186903
14.032179
14.987510
14.036523
14.278974
14.773707
13.917841
15.164877
14.545820
14.114286
14.102875
13.833396
14.513333
18.698547
14.039322
16.573666
14.753510
15.232094
14.140527
13.488644
12.557791
16.470908
17.664822
13.838984
13.913414
14.071928
13.655305
15.770759
14.140929
15.285522
13.989968
13.561787
15.852303
14.745378
15.678935
16.316317
12.521651
13.469979
14.419647
16.122846
14.490500
13.877956
13.197444
12.335212
12.779025
15.612943
14.059471
14.787667
14.247760
14.303205
14.073275
16.189614
13.852520
16.751235
14.508934
16.157391
15.351668
15.190965
16.296709
12.975135
14.224255
13.510429
13.670512
14.251391
15.531352
15.057470
16.091089
16.606236
14.953773
16.261579
17.315364
13.952493
17.523479
11.795717
14.384637
16.171389
14.767968
13.475029
15.511761
14.900142
13.684060
12.082761
15.141888
12.760123
13.750873
15.341622
16.164004
16.572076
14.137015
15.408276
11.316596
15.427226
15.899475
17.255280
15.842850
15.050880
13.649236
13.656201
10.915826
15.173471
13.243513
13.775734
13.202127
14.279875
14.398784
13.063779
13.047783
14.489582
14.365943
14.535045
14.595843
14.377384
13.796620
15.190874
15.124407
13.544311
11.637713
14.708201
15.914354
14.733642
13.280901
13.334888
14.625423
15.693999
14.613662
12.512794
13.812438
15.206233
15.317337
13.319828
13.726179
14.817524
15.289735
15.503874
15.005947
14.592198
13.816852
13.635330
14.341944
13.636722
15.800523
13.269101
16.286244
12.876505
13.803861
13.695890
14.426896
12.976801
14.247825
13.984916
13.952603
12.457243
13.483830
14.103346
15.734811
14.060108
14.119855
15.229829
15.452107
14.816858
13.218764
15.390340
15.148347
15.315005
14.789373
13.384625
13.818086
13.784112
14.725156
14.517303
14.513333
14.768106
12.385024
15.127632
13.868093
13.356295
14.550748
14.815207
16.238786
13.841765
13.919294
13.737681
15.151552
12.760488
14.052966
14.180500
12.928634
13.623204
12.666302
13.902993
15.658563
14.365396
16.392098
15.363058
15.755755
15.236203
15.791775
14.397439
13.260686
15.113543
14.574407
13.779327
13.450862
14.410890
15.589324
14.439986
16.297891
16.333345
15.103415
14.135075
13.817940
14.930159
12.855373
15.576354
14.192705
14.268778
13.781222
14.812019
13.074828
14.505883
12.313368
13.775893
13.514301
12.663696
15.012200
12.651610
14.743071
14.977554
15.482244
12.565271
13.536142
13.840495
14.353372
12.691231
14.048416
14.502328
15.327812
13.796656
15.376138
13.507244
14.087584
14.248364
15.297530
14.588912
13.459209
13.728962
12.765162
14.240612
13.239809
15.146403
17.601253
16.237184
13.905667
14.592131
14.728493
14.267521
12.980370
14.273223
13.641176
13.146000
15.472124
14.252955
11.709948
13.060957
16.216629
14.254353
17.713392
16.067873
11.722354
15.178696
14.347393
12.612133
14.004129
16.449630
15.335272
14.372320
14.929712
14.949160
13.568655
13.900890
15.103095
15.520150
14.160576
14.221453
15.206055
14.372308
16.037526
16.495450
12.613631
15.709886
14.908484
12.132664
13.887878
14.002226
14.962771
13.454310
12.244757
13.618055
12.251309
15.654532
15.386291
12.966388
14.388755
14.034166
14.070658
16.228312
14.140309
12.661806
14.428764
11.980958
14.460421
14.583094
16.434020
15.197348
13.917449
13.871526
15.147206
15.450109
14.886175
14.253321
14.830818
14.924201
12.492196
14.283720
16.286309
13.239591
16.376700
13.770168
14.291998
15.081728
14.865728
16.637977
12.061194
16.111299
13.164095
14.499090
14.095689
15.757426
15.041816
14.830087
14.073279
15.957667
12.999231
13.844967
15.019367
13.141774
12.873292
14.133126
13.670448
13.450335
15.601722
14.813749
15.225802
14.238214
12.880086
15.693372
14.813863
14.235345
13.071923
14.769343
13.089047
15.942171
15.160248
15.529004
15.645154
15.744044
14.335779
14.192778
13.830237
15.405672
13.784917
13.969790
14.423362
16.175101
13.733284
15.797477
16.503261
15.113082
14.857960
12.967318
13.931320
12.064011
12.393946
14.267625
14.359699
13.843507
15.470292
15.936678
14.342444
17.446521
13.062069
16.754801
14.455970
16.737765
15.585043
15.145160
11.536127
13.173899
16.256101
13.278743
12.475332
13.945166
14.079905
13.785911
14.230346
13.978165
15.343436
14.502204
14.909987
15.626631
14.695247
15.044520
15.904015
15.096698
15.706703
16.106727
13.652808
15.219393
11.525781
13.859411
13.406189
14.386156
14.195341
13.181309
15.284600
14.592719
13.455406
13.785361
14.683127
14.536752
13.602708
12.831152
15.057543
14.281709
14.505615
12.886019
10.928407
15.384480
15.566306
14.443129
13.438818
14.650904
13.337695
14.584624
14.024976
17.140405
13.874289
13.803321
13.559873
16.189500
15.349693
15.233895
14.968037
12.255330
15.663812
15.009392
15.207100
13.879318
14.848459
13.795356
13.815541
13.703693
13.857668
15.404436
14.223918
13.573311
14.745204
14.167083
13.190567
12.353175
14.681545
14.943718
13.498440
13.433172
11.769880
13.085143
12.094942
12.185109
16.015028
14.402849
14.312608
12.751425
13.522065
15.556802
14.971822
13.163766
14.056052
14.212982
14.350661
16.276603
14.639968
13.471832
12.217976
14.484016
12.606180
16.075870
13.407603
12.210334
16.505918
12.241273
14.347531
14.892143
14.328989
14.300294
14.214010
15.068236
15.106938
16.187929
14.580890
12.931329
14.955427
13.641567
15.049024
14.302762
13.079508
14.134378
13.205129
14.215205
13.291414
15.363934
14.720625
12.730470
13.084639
12.871685
15.974790
15.111970
12.632713
15.831670
14.222790
13.868886
13.526959
14.844176
16.554835
13.451638
12.968004
14.887633
15.573979
13.549559
14.626865
16.200462
16.177724
11.425615
15.175737
16.483278
14.444797
15.161674
14.806279
14.746716
13.450134
13.303779
15.498559
15.068864
15.704745
14.172909
13.441104
13.711649
13.349641
13.867111
14.128339
14.604730
16.224974
14.338371
12.807852
15.914095
13.790043
16.164683
16.746013
12.776033
13.542580
16.396806
13.846154
14.991774
13.824509
13.144399
15.134021
13.807910
15.761760
15.228374
12.490493
13.199689
12.722290
14.971778
14.344006
14.100963
15.653225
14.526747
16.224241
15.041703
13.818812
14.426253
13.105948
11.959001
15.996764
14.700205
11.696777
14.992994
13.650832
14.363145
14.833739
15.268871
14.566819
16.751914
14.790394
13.720406
13.967981
15.833783
13.839688
16.130319
14.555660
14.610876
12.953406
13.748068
13.867089
16.104834
13.230234
11.264168
13.309331
14.535756
17.181806
16.051501
15.465558
14.305625
15.541604
15.713835
13.949904
15.299708
15.907312
12.723756
14.076648
13.265417
15.264812
13.766798
13.243313
14.198320
14.149276
13.359087
14.687974
12.319940
13.289339
13.517872
17.081264
13.853411
14.104021
14.143366
15.058050
14.615153
16.291648
15.885658
15.814261
13.119845
13.978407
15.249067
15.247483
13.761431
11.614430
12.739782
15.365504
13.396606
13.475777
16.755955
17.358539
15.091938
15.455063
13.577090
16.255672
14.131850
16.579834
15.750613
14.937347
15.630267
15.422269
12.859170
15.162027
15.096662
12.599066
12.144328
12.019895
11.883074
11.700633
14.114818
13.650691
13.607144
13.265839
16.359323
15.969433
16.221958
14.300605
13.148472
13.852600
17.376890
13.698066
14.339441
13.889534
15.717391
14.075627
16.649843
16.819889
15.342648
14.872068
16.501142
16.251205
15.671554
14.802010
16.631566
14.249511
17.325185
13.542679
14.322847
16.217442
14.858693
11.802299
15.928903
12.907779
13.438837
15.798343
15.480438
14.607972
14.392058
14.242839
14.945355
15.573000
14.287027
15.247422
13.860627
15.108085
15.674041
13.087424
15.432192
14.083352
13.851174
14.897519
14.903795
13.182589
15.309145
13.734935
12.973158
13.861406
15.035121
15.822406
16.392776
13.786874
14.109926
13.715713
15.000142
16.046443
15.774054
14.476144
16.022242
12.724077
14.195015
14.313485
13.684935
15.824460
15.725070
15.231578
15.494578
15.522381
12.812121
16.386086
12.720875
13.022999
12.196550
14.410398
13.766192
16.814251
13.101691
15.765635
15.468244
13.171081
13.533696
14.188008
16.980603
15.787455
14.646557
14.876410
15.637866
12.570946
14.163744
15.234303
13.815762
13.071307
12.684790
14.129432
15.708605
14.412509
13.001070
15.196353
14.233977
13.915282
14.071611
14.886280
15.763217
14.043580
15.687475
12.914315
11.605627
14.396570
12.569985
14.563586
14.456591
16.279565
11.563404
12.025776
12.308189
13.002267
15.138771
13.974450
14.627574
16.068792
15.047824
14.939584
14.858907
13.833860
13.135156
17.931713
16.099448
14.906437
15.458461
14.330135
14.088550
15.427777
14.142381
15.584543
16.553025
12.327450
15.191482
16.276610
14.201517
13.975668
14.895533
16.792923
14.731433
13.835145
15.472864
13.878175
15.365564
15.337260
14.419136
14.648461
13.688774
12.700248
14.206346
15.375531
14.107939
12.190138
13.470795
14.614313
15.705653
14.915179
14.739041
14.711587
13.974786
15.330230
16.006837
15.198471
15.003425
14.849926
12.468689
15.353153
15.021579
13.516855
14.813085
14.315757
15.845047
12.613701
14.079052
13.698554
13.420904
14.534246
14.397605
13.904106
13.323170
13.150562
14.336598
13.441914
14.285296
14.691948
15.424707
15.371362
14.015138
14.084254
16.630828
12.926740
15.345992
16.326225
13.881830
16.186973
14.274246
16.024185
12.116747
13.413919
12.342738
12.883449
14.518052
14.551461
13.168036
14.347074
13.187322
12.469683
15.814801
13.746746
14.992144
14.358402
15.420956
15.779934
15.587170
15.198961
15.163937
14.197133
16.519545
15.239501
15.628816
15.603739
13.096521
14.179878
12.063861
14.524924
15.313958
14.487659
15.045615
15.931008
14.240990
11.040220
15.923247
13.397947
12.749728
15.423963
15.127748
15.286026
14.568371
14.868256
14.916207
14.817821
12.520121
13.369770
14.163930
14.492597
15.795106
14.806768
14.034597
12.421023
13.010132
13.510311
12.570412
14.286933
15.089267
13.196916
13.122193
14.884745
16.220258
17.484738
14.346680
14.330648
13.324301
14.738578
13.896013
13.457074
14.471706
13.210126
13.303449
14.232406
14.566317
15.328452
11.579059
17.502149
14.857816
15.672811
14.542543
15.211565
15.187900
13.028225
16.678999
14.510567
14.318218
15.356318
14.784867
14.933547
14.982501
15.662865
15.213049
13.398724
13.195770
14.836549
15.169865
15.590992
14.386847
13.252789
13.863970
16.201344
16.862670
15.893288
14.190430
14.991771
12.681202
14.140443
14.292536
13.953217
16.415513
15.472183
11.669091
15.835777
12.441559
13.761344
15.273156
13.525453
13.525965
14.877586
14.628873
16.748280
11.642325
15.840230
13.507720
12.336833
13.099468
15.006910
15.355733
15.475208
12.902115
15.247454
16.743139
15.432094
17.598660
14.759352
15.814705
13.048750
15.131611
15.080408
14.813747
12.567971
15.350092
14.838560
13.075962
16.369861
14.348732
16.308667
14.812216
13.818625
16.287153
15.395893
14.259823
14.383132
13.850513
11.896632
13.174210
14.204785
13.419784
16.231852
14.789558
14.773035
15.824988
14.695115
14.680548
15.345525
11.774885
15.591330
16.242671
16.046170
14.433520
13.581588
16.430238
13.716738
15.276083
14.468432
15.846785
13.437551
12.468869
17.422717
14.201523
13.646089
15.252026
15.823402
14.953143
14.261651
15.020370
14.169284
14.067559
15.331531
16.025689
16.097810
17.123380
14.073157
13.985717
16.466546
13.430229
13.609087
15.256653
13.889092
17.366775
15.025370
13.474767
14.113865
13.383670
15.354129
13.761905
13.159020
14.513274
15.133054
14.371142
15.954793
14.557276
14.437309
15.034690
14.232868
17.136738
14.176299
15.368008
16.234468
14.675623
14.014827
16.842816
14.630426
15.229991
14.209595
13.694516
15.247525
12.179761
14.942380
16.609510
14.631253
12.026552
15.356543
15.279238
13.715252
14.589003
15.668252
15.169644
15.035051
14.652555
16.392445
13.547297
15.064808
17.113007
14.752763
14.268276
14.054638
15.400495
14.872097
15.476389
13.907515
14.921176
14.214251
14.349960
15.105497
14.142078
16.355628
13.595548
13.824656
13.981811
13.682819
16.578561
15.246456
15.574033
16.097121
12.971711
13.173309
12.811315
14.838176
14.710040
14.348869
14.792271
12.796074
13.810034
14.456639
15.842450
17.858945
13.097219
14.036060
13.581107
15.542095
12.789219
13.830992
13.694138
12.007541
11.887645
15.227622
13.634846
14.555101
15.354890
13.639898
14.794095
14.896808
13.813323
14.788375
13.940482
14.300756
16.090009
15.380458
16.944646
13.422252
12.463270
13.641268
14.935319
15.176835
13.879615
14.163878
14.350371
15.186380
16.189188
15.397344
16.161464
15.549696
16.717038
14.030058
16.297412
13.560443
14.252151
13.847641
14.414179
15.293699
13.461080
12.960400
12.637912
15.126811
12.488149
15.321522
15.095062
15.471193
12.343155
14.221565
12.391905
14.361244
15.788150
15.580306
14.384182
14.967717
14.040701
16.462238
15.308059
14.155379
15.309145
14.700779
13.638910
13.588962
13.564179
14.615066
13.641279
13.267359
15.590343
15.489534
13.671486
15.223087
13.942604
13.620901
15.538822
14.639587
13.221208
15.205765
13.963933
13.869347
15.015704
16.155535
12.108598
13.705224
14.745670
13.935029
13.689294
14.639771
15.641883
14.015044
15.025243
13.593716
14.120886
14.390606
15.495010
15.394587
13.933887
12.991497
15.924246
14.474076
13.620595
13.924478
15.028570
15.278948
13.203039
15.709430
14.863876
15.232571
16.178217
16.456986
15.719806
14.934744
14.183259
12.142736
13.190307
16.042920
15.899866
15.859629
14.663372
16.074847
15.006109
15.214480
14.599245
17.021583
14.333043
13.115748
13.216022
13.705940
16.332527
15.382820
15.296182
14.436481
12.552385
14.360148
16.647673
14.222764
14.515561
16.010342
14.330117
15.246048
11.853597
14.013487
15.304081
15.262750
17.495541
13.698599
13.060699
15.032370
16.335639
14.536084
16.290480
14.677652
14.807061
14.440318
12.999047
13.736102
15.528968
15.342430
12.000794
14.528383
12.462503
15.139047
13.232896
13.422674
15.809680
13.836373
15.977976
16.056307
13.828065
13.077574
14.670017
13.682098
15.053647
17.380735
13.028076
15.141535
13.058091
16.897640
13.326082
12.440748
16.149217
15.342797
15.287974
11.722755
13.901014
14.837598
15.169694
15.981367
13.517525
14.733862
13.089485
14.705827
12.647937
13.538455
12.752980
13.062605
14.748217
13.144357
16.122487
13.327476
15.206495
15.146846
15.581026
13.765365
14.554141
11.973468
13.509207
15.913954
17.627251
15.255523
15.093054
13.925902
13.127023
13.911132
15.010310
14.305779
11.650309
14.611212
13.399853
12.630706
13.375606
16.783890
17.015299
13.571306
14.002613
13.108989
12.444713
15.923410
16.515636
14.785536
13.172455
12.627525
13.334126
12.310224
14.108117
14.771527
15.153292
13.989078
16.711807
11.399132
13.858194
12.911545
13.855433
16.688057
15.689830
16.290093
15.415812
16.975592
12.861930
16.175707
14.149342
14.200600
13.589367
13.186478
12.201749
12.863959
12.675546
14.615053
14.716261
14.065449
13.980942
15.600897
12.877473
14.631146
14.798368
15.489484
13.324898
15.378518
13.315898
15.407803
16.201538
13.581226
15.664114
13.993965
15.055224
15.185652
14.531633
13.771244
14.751321
13.632470
15.928755
13.082630
13.941347
15.485499
11.714030
15.517182
13.742179
13.681167
13.566745
12.972215
13.724340
13.592896
16.939435
15.500657
13.123121
14.992961
14.794078
14.250120
14.403086
14.754805
13.169164
11.301979
15.615896
17.035733
12.478044
13.434529
13.796133
13.921406
14.475430
15.897797
13.870560
13.691292
15.526781
12.330956
13.863450
16.245352
16.373494
13.559306
14.399665
13.295163
14.909622
14.697917
15.720634
12.483321
16.591879
14.991153
12.958498
13.771201
13.944251
13.210200
14.198194
13.456460
11.656976
12.082875
14.438719
12.772899
17.303898
14.600967
14.766314
16.397748
13.966861
13.433171
15.447763
15.281625
13.293823
13.872064
15.567783
14.220030
14.258970
14.329107
16.666842
15.982024
14.347179
13.316311
13.750682
16.085304
16.548981
16.701992
14.723906
13.952417
14.776824
14.682291
14.656286
13.683717
12.255895
12.798540
13.516830
14.733499
15.703083
15.026300
15.697887
13.229665
14.029514
15.565980
13.918880
15.727535
12.144684
16.247135
14.215383
16.505330
15.137310
15.391063
15.794458
16.866967
15.590552
13.885155
13.048926
12.537210
17.236226
15.135218
13.940198
17.220292
13.750087
16.531547
14.549422
14.631530
16.774222
12.426258
13.788832
12.752006
15.918409
15.258453
15.341916
15.277354
13.878771
16.038759
13.400889
14.376569
15.541951
13.315989
15.476176
15.936330
13.080980
17.220197
11.775663
16.435198
14.438460
14.395808
15.292612
14.228166
14.068292
14.290968
13.335100
16.070042
15.244622
16.141680
13.381365
12.848297
16.727502
13.740887
18.280029
15.482148
14.967102
15.519247
13.559757
16.897943
15.122437
13.422614
14.950520
14.358793
14.737871
15.700092
15.620610
12.188541
16.616329
13.841609
14.966587
14.428302
14.315510
14.961035
17.485035
13.620895
12.702050
15.818520
14.205227
11.920171
14.647933
15.656091
15.064549
13.187872
12.967668
14.622862
15.843477
16.249008
15.615334
17.270807
13.444674
14.201544
15.613167
13.543531
16.374698
14.513866
14.091620
13.021874
16.896543
13.797887
15.262206
14.410620
15.795411
16.127809
15.111801
14.627648
14.723134
16.202351
15.403337
14.311733
14.562802
14.880812
15.257410
15.144810
18.829358
13.525226
14.737752
13.377073
17.232074
14.120826
13.795202
13.529248
13.665344
14.531835
14.202873
13.129453
15.671663
13.554188
13.895736
15.659444
13.991872
14.415582
14.563918
14.789785
15.485476
11.894418
13.806118
13.559058
14.298236
15.570895
13.095996
12.598068
14.237302
14.262370
15.363129
15.128519
15.485881
15.680945
16.308680
14.446244
16.209354
14.734708
15.466635
14.006952
14.653161
13.281101
15.878495
14.566797
14.756879
15.403506
14.059882
13.567188
13.141785
15.263685
11.783124
14.825771
14.504276
13.951921
14.189789
13.137808
14.017276
17.004217
14.269697
14.992252
14.545062
15.937473
14.005545
13.927109
14.601623
13.865155
13.559195
14.592620
16.514051
12.764950
13.416467
14.906495
15.122994
13.824376
12.995819
14.814022
16.107343
14.913271
15.328406
15.782988
14.911661
12.413469
12.743765
14.002447
13.264544
12.893025
14.995139
16.101312
16.431542
14.039869
12.925000
13.695206
15.726114
16.280593
14.320553
13.657214
15.068847
12.580716
14.789937
14.906292
16.159345
13.210095
15.529569
14.213463
12.547190
15.883537
16.426540
14.851645
15.479134
13.705549
14.870682
14.098473
13.576353
13.646817
14.560354
13.905079
13.386922
13.801098
15.151367
15.695807
15.423229
14.165603
15.089501
15.268560
15.427168
11.910449
13.797787
15.332494
13.850860
13.587061
15.826975
14.776395
12.771011
14.607958
13.940926
12.333678
12.110012
15.258459
13.912114
13.405754
13.590720
11.722145
14.937103
14.473357
14.722428
14.168023
15.502449
17.131105
16.458321
13.478675
13.609826
14.496019
16.217125
14.233847
15.568065
14.049941
15.331783
14.360451
13.013068
12.007924
13.735811
12.147395
13.297407
14.498830
16.432865
16.457542
13.786280
14.629880
12.882848
14.361621
12.734775
13.043729
14.583288
16.195122
17.242233
14.161133
14.126549
11.412039
12.770166
14.990811
13.672399
16.595987
13.621041
15.305711
14.947507
11.428283
14.351198
14.193324
13.868269
15.304369
14.579055
12.975361
12.406476
14.483503
14.115540
14.840545
14.911986
15.837287
13.893694
15.896850
13.697137
13.521729
14.996046
14.217416
13.676993
12.757905
14.843596
14.788147
13.274949
16.014310
12.184182
14.390386
15.619292
16.183428
13.626295
14.390000
16.894138
15.996468
14.450543
14.864844
15.010352
13.632410
15.823143
14.035400
13.182250
15.765016
15.082816
15.315463
15.260788
13.619219
12.908797
13.684859
16.166815
15.676099
15.497264
14.533281
13.309389
16.901103
13.845353
13.695438
13.974351
12.346804
10.789634
15.060098
14.907848
12.676591
14.224094
14.677690
14.398942
15.064440
15.346849
13.526802
13.143392
16.557379
13.694269
13.749531
13.135547
14.357425
16.715641
15.390412
15.287417
15.834806
15.522619
15.444676
14.636932
13.205779
13.374241
14.904459
13.492040
13.498746
15.676055
14.142209
13.512570
15.880127
16.281177
13.062390
12.624375
16.182910
14.208414
14.377918
14.670578
14.664265
13.932376
16.464805
14.377540
13.432818
13.330283
15.099654
14.490017
12.972904
13.970491
15.639136
15.990659
14.649152
12.510520
14.146647
15.075828
13.836779
14.445521
14.162146
12.907745
11.759554
13.289997
12.994551
16.390958
14.923161
14.259027
13.797921
13.720316
14.305103
15.640921
17.304310
12.410273
14.343926
17.290953
13.630646
15.432210
15.702146
16.221974
14.912535
12.948389
15.809687
15.277106
13.425073
14.427162
13.229423
12.178530
15.530290
14.955375
13.739103
15.888007
13.187226
15.479113
14.907240
13.950759
15.111167
13.153800
15.600674
14.997781
15.749440
14.491303
12.830205
12.414263
14.176578
13.801113
16.008267
15.000715
15.462710
15.962757
15.869979
13.186594
13.426032
13.322855
13.468090
15.693479
15.412222
14.568973
12.514532
13.604041
15.048994
12.273776
13.368753
15.879699
15.815871
15.046975
15.236009
15.230203
13.675310
17.114958
17.077921
16.078447
14.608707
16.105209
16.293028
15.022366
14.286354
12.850036
13.810848
14.706213
16.907344
16.454410
14.346480
13.609020
13.389412
14.998875
14.916760
14.796187
16.038257
16.433015
15.355320
12.658036
15.136852
16.547860
12.193927
15.512243
14.293642
13.561308
15.907694
16.234218
14.234037
15.039700
13.860969
15.969367
16.601498
13.903915
13.516176
16.164799
15.937493
15.077202
12.607224
18.175367
15.438465
14.655066
14.910159
11.528213
15.786065
14.462818
14.878907
15.227986
13.940276
15.637054
16.017646
14.795082
13.209042
14.793582
14.733035
14.099174
16.490163
13.660192
14.039439
14.067654
16.664306
14.352053
17.413722
15.017885
15.433539
15.154844
15.098967
15.891343
14.082591
13.189282
14.289903
14.917995
14.487238
13.778633
15.684849
16.766372
11.984585
13.700107
13.774532
15.569289
15.166619
14.418849
15.797233
15.528585
15.147360
13.440428
16.454192
13.895478
15.671544
14.371469
15.975786
15.984098
13.870794
13.324295
13.614010
13.962578
16.862865
15.272382
14.244809
13.559036
15.242494
13.975298
16.255276
16.950644
16.812223
12.760070
14.652723
15.345748
18.180929
13.362812
15.606006
14.456877
14.654712
13.334291
13.751088
16.046228
11.613604
12.830419
15.705042
15.870833
14.468074
14.275374
13.449102
13.319137
15.144871
14.751674
16.024790
15.120313
12.887839
15.183323
14.283471
11.701369
14.765245
11.722425
14.171623
14.572632
15.106726
12.874162
12.324816
13.701208
16.423717
15.478562
13.471261
14.215012
15.562138
15.798362
11.869695
14.525041
15.482420
12.999309
14.764044
15.941396
16.371997
13.035620
15.953997
12.552459
14.749720
14.438859
15.559616
15.272926
15.445462
13.239302
13.027449
12.290032
16.332331
17.124188
15.995985
14.000310
12.850395
13.896188
14.915176
13.813503
15.369562
16.766571
14.231295
14.325358
14.458864
15.040469
15.930947
14.029208
13.908822
16.258295
13.323486
14.806482
14.653709
16.111557
14.037598
13.878944
15.177104
12.077109
15.079751
15.500538
14.268445
15.683400
13.645736
15.536100
14.835638
12.215092
14.499996
14.583708
13.196097
15.473692
13.846891
15.817415
12.211679
13.534998
13.492928
14.277605
14.890033
12.600549
15.679406
15.420119
14.275176
14.796745
16.101705
14.355999
17.155954
15.853108
14.684341
13.216352
12.534417
17.527665
14.431589
15.133027
15.008417
12.060312
18.163220
16.369965
13.056264
13.787527
13.001263
13.425001
14.456603
15.291582
15.441237
15.982238
13.927494
12.653713
15.586688
15.896706
15.247809
14.700627
13.975899
13.994516
11.619969
14.701391
16.374276
13.087726
15.766491
14.726615
15.640196
15.169622
14.431653
17.259558
16.445778
13.130170
14.976609
12.274425
13.402860
14.457688
15.910051
15.091153
14.719699
15.094610
13.815820
13.691031
13.861514
14.974705
14.065812
15.224561
14.229512
15.671604
12.711228
14.219144
14.727860
12.855195
15.343059
11.159584
13.545783
13.296087
13.613111
15.007750
14.854222
15.572753
17.640141
14.601527
15.462056
15.144987
14.242992
15.103744
14.002727
16.782506
16.584357
14.938000
15.251656
15.508372
12.561561
15.856850
13.717121
16.330390
13.351098
13.966847
14.053556
12.526808
14.299042
16.267488
16.513785
13.461499
17.018779
13.237357
13.949594
14.900672
13.308773
13.097593
14.303129
14.947410
14.539862
13.783148
15.028421
12.586019
15.389464
13.619968
13.992571
18.428318
15.080628
14.873068
13.039033
14.420812
16.966852
12.775765
14.771226
14.165466
16.929388
13.215230
15.315855
14.584617
14.418861
13.169616
15.415316
12.108977
16.070488
14.927231
14.417277
15.866765
13.937283
14.300211
16.778267
13.104715
17.098170
13.248778
14.902606
14.574743
16.701291
13.679221
12.987204
14.178844
12.936643
15.178713
15.168069
16.082666
12.673772
13.920619
12.715157
13.596986
12.953164
16.907075
15.120822
14.148697
15.679982
14.906602
14.303583
13.865787
13.918109
15.053335
15.997042
14.159113
14.791506
16.960667
13.342730
14.599060
16.308863
16.555770
14.531984
13.552018
15.499070
13.703857
15.144185
15.697709
13.425026
11.916961
13.486969
15.234283
14.391008
11.925786
15.597130
14.149923
14.783386
13.773330
12.428558
14.796255
16.548600
13.831445
14.968398
15.198266
13.791136
12.372958
17.478419
15.675333
13.878776
13.813296
13.971450
12.483379
14.248591
14.270022
12.248491
14.071534
16.079835
14.932371
12.581785
14.017523
15.365553
14.171574
14.879355
13.365084
11.170252
12.813428
15.162815
13.626507
14.948769
13.613678
15.020203
14.683647
14.639390
13.068593
13.992271
14.202352
13.869851
11.912623
13.538362
14.402391
14.144849
11.315570
16.052430
16.185405
14.540624
13.828487
13.910189
14.412295
13.701471
15.795967
12.707572
12.773663
13.506700
12.711375
14.416470
16.326559
15.009960
14.301867
14.178849
14.354829
14.262452
14.713226
15.456712
16.538315
16.172040
14.092577
14.277682
14.524642
14.791142
15.078260
15.082968
11.327524
16.076370
13.778061
13.927967
14.577396
13.615652
13.513291
15.316947
13.421870
14.343559
16.157187
15.285650
15.549345
9.996863
13.991070
16.470650
14.229310
13.422716
13.363262
14.381526
11.932571
16.636385
14.465350
14.529692
13.199407
12.342364
12.890159
13.795507
16.821920
15.590988
14.190258
16.296386
16.613063
15.163373
13.364872
16.766358
13.522371
15.669518
14.807752
14.864773
15.265864
16.496243
16.013027
15.596323
14.332627
16.972888
15.987014
15.097413
14.790321
14.889076
15.480449
14.343375
13.746217
14.121444
16.157412
14.190550
13.350668
15.547449
14.592750
13.494270
16.278095
13.292884
14.057954
13.666105
14.533938
15.626958
13.562265
16.657460
14.016868
14.755271
14.616125
15.781026
13.455691
12.329348
12.957257
14.216841
15.019521
14.618940
12.651854
14.948300
14.576844
13.671594
15.556534
13.712156
14.128083
14.794964
13.503954
12.919406
15.820065
12.184731
14.830379
15.382356
13.353360
13.986284
14.150073
13.987367
12.945066
15.199353
15.640546
14.633530
12.793081
13.944680
13.940575
14.777679
14.099753
12.212046
14.226727
12.978088
14.555437
15.403613
14.518790
15.085129
16.456358
13.673840
12.976306
13.542556
14.766378
14.106737
13.876477
15.426440
15.256505
14.410753
15.622821
16.538789
15.001737
12.684644
14.810184
12.654570
13.890210
14.694474
14.716543
13.309936
13.264310
13.493039
14.410753
16.179974
15.027981
17.306991
15.470098
14.675749
13.051703
15.007421
14.679939
14.977315
15.344451
15.152525
14.626441
13.268391
14.254938
11.737231
16.025672
14.753627
14.453470
14.002730
13.663744
14.032380
14.640357
15.774184
13.008768
14.899986
13.956106
13.731215
17.259104
13.244060
15.977096
16.528191
13.562850
14.013968
10.084508
14.457067
14.737163
17.411696
13.635113
13.805582
17.461787
16.380052
14.413165
15.637814
13.196769
15.223716
15.936025
15.440056
13.406130
14.303829
15.403452
14.055027
14.406991
13.642367
14.084572
13.803370
13.887738
14.063719
15.175823
14.414426
16.265321
14.377002
13.830964
12.780168
16.059027
16.146959
13.047323
12.796078
13.051608
11.911458
13.980780
13.242103
14.240922
12.834060
15.475314
12.916586
12.390008
14.158085
14.801964
14.977927
16.068703
13.001350
12.848478
13.716586
14.578027
15.550736
13.368795
14.136873
16.276619
14.881333
16.270153
13.869923
16.747141
18.057113
15.029622
14.820027
15.303649
14.418369
16.655458
11.764273
14.125054
13.322582
13.212246
14.863930
13.064412
13.130743
15.728309
13.386534
11.884335
12.251202
14.287313
13.776164
15.140073
13.688202
16.011066
16.541433
13.780554
14.604099
15.415278
15.105979
13.704160
15.296079
15.348907
12.557688
15.571696
15.385499
16.045220
16.523178
15.058324
13.359771
12.272933
13.700657
14.570790
14.906705
13.808807
12.694762
13.480291
14.947625
13.382230
14.914275
11.856266
13.941197
14.135801
14.764981
11.756054
14.431407
16.076184
13.596636
14.508887
14.681418
13.377633
13.532866
12.400302
15.260091
14.667836
13.495558
12.466608
15.201582
14.706774
12.197103
14.838862
16.059418
14.445441
14.349783
16.193059
15.101976
13.166741
13.699308
11.794939
14.554899
14.386716
12.822162
13.927631
12.822220
14.027090
14.627490
13.588194
13.113917
15.075672
14.053521
13.775179
15.668197
14.816432
17.217956
12.265252
13.194923
15.080409
14.235147
13.555132
12.884467
14.478347
13.944067
14.553657
16.203936
14.797397
14.919295
15.725093
13.422054
12.922407
12.945759
13.842828
12.103024
14.468697
14.716523
17.635684
14.152123
14.353841
15.646519
13.615579
15.115942
12.709943
15.617066
15.591408
15.277019
16.674290
15.147334
12.605832
15.135730
13.180951
14.833496
14.515217
15.588465
13.664135
13.885429
14.628186
14.146588
16.526313
14.249888
15.157423
13.872310
15.234374
14.728805
12.734724
16.208942
15.499051
14.086271
15.630002
13.801061
13.380967
11.216828
15.249347
14.025042
14.476256
16.251124
11.945477
14.139730
14.941348
14.264821
15.629003
13.325472
13.454002
13.072748
16.909407
14.288174
16.625526
16.287017
15.365725
17.566228
14.359357
13.877239
13.810716
14.610042
14.730433
12.841280
12.011175
15.218693
14.401857
13.946927
13.900877
17.186173
16.754721
13.134687
11.955198
14.702633
15.544669
15.249932
15.635284
13.948083
11.396161
15.159693
12.907959
12.994014
14.706032
14.237767
12.512714
17.627470
15.377798
15.508477
15.490005
11.596239
12.423296
14.065097
13.958266
13.871025
13.083362
14.932989
14.554670
12.409503
12.869067
13.022271
14.127325
13.554069
13.828382
13.448572
16.107379
17.852738
14.261047
13.855237
14.550987
13.791069
13.138462
14.789092
15.035282
16.112751
16.988683
14.759540
15.152809
14.492618
15.639753
14.830157
13.875510
14.547713
14.879529
15.781474
12.747976
16.129574
16.144177
15.854602
14.541591
14.183194
16.441308
15.064675
14.000993
11.633046
14.226146
14.151128
15.345012
14.495092
12.960418
14.891564
13.055120
16.974281
15.122107
14.856208
16.667509
12.199851
14.287131
13.962091
14.063810
14.405767
15.240621
14.911920
12.433955
13.328686
15.526860
14.095195
14.101650
14.104784
13.856507
15.439057
16.734415
13.696975
13.627387
14.857190
15.266595
15.145107
13.548303
15.084322
12.001792
11.990142
14.531674
15.596690
15.837312
15.676559
15.016182
17.011755
14.225525
14.513483
16.649277
13.260093
16.562646
13.860437
12.221812
16.409697
13.731289
15.159475
14.217011
14.876422
13.272254
12.635019
13.571663
13.770727
14.916634
15.370469
12.772792
15.307820
15.615301
16.483496
14.978726
14.216715
13.605392
16.588113
13.454278
14.706541
15.356640
12.867478
14.284455
15.658075
13.873083
15.213819
13.539491
14.342449
13.906884
15.697217
14.276729
13.663849
14.569615
15.142588
13.624302
15.611388
16.394624
13.219007
14.927963
13.438054
14.939914
14.025672
14.932077
15.801502
16.002904
15.360077
13.015546
15.875991
15.338326
15.170743
14.902441
16.620003
13.965909
11.897653
15.438677
13.643343
15.893660
13.918311
14.100463
14.204982
14.433491
14.896237
13.473462
12.938325
13.797065
14.290121
16.511063
15.872693
14.216710
14.625175
14.785257
14.396405
14.412871
13.675173
16.036069
16.149317
13.604672
13.250865
12.566493
14.536547
13.324723
10.945685
13.944307
16.814245
13.247987
15.142118
13.253920
17.229197
15.791452
15.487170
13.822898
14.114881
15.028373
15.390239
14.605787
13.437884
13.730479
12.071663
15.543859
12.862846
13.636512
18.235023
15.224307
14.571111
13.526543
15.846046
16.264766
14.106463
12.830591
12.849237
14.326835
13.793716
13.183738
16.405235
15.367993
13.261505
14.280889
13.894102
12.814161
12.826416
12.580769
15.529597
14.523588
12.286351
12.685549
14.405404
15.494044
14.318834
15.041103
14.949548
15.061575
12.235196
14.493189
12.079428
14.029200
14.989391
12.484366
14.964679
15.155148
15.067414
14.555205
15.469325
15.161497
13.659020
13.690043
13.561698
13.820825
12.484364
15.654106
12.956871
12.672294
14.988860
14.905898
12.232788
15.357697
14.954724
13.836362
14.855865
13.163911
14.564989
15.102981
12.329310
14.779746
13.370549
15.976716
15.176777
14.809820
13.203575
12.424522
15.378417
13.226058
15.038885
12.403689
15.673794
17.026484
16.852496
12.571208
15.982168
13.561231
12.476102
12.808735
15.386833
13.778490
15.441732
15.904585
11.728235
13.506439
13.819925
15.527883
14.161444
13.646427
14.736798
15.309047
15.889673
13.328410
16.144920
14.964399
15.802211
13.100679
13.781900
16.975213
13.853743
12.971357
15.695823
15.078441
15.950428
13.607241
14.636879
14.937003
13.636689
15.352014
14.520175
15.784010
14.182820
13.312236
13.608001
15.077289
13.978130
15.567995
14.522550
14.720685
12.035649
14.486161
14.879286
15.408820
14.258835
17.162143
14.377036
14.342425
15.270019
13.765756
16.373606
14.611440
13.857127
15.185687
13.076038
14.257860
13.113599
13.613961
15.854199
13.289353
12.188492
14.122582
12.792857
14.106190
13.643745
12.730929
14.577033
14.584220
15.975143
15.460651
13.404685
13.496141
16.305995
15.210904
12.749676
13.473066
16.353352
12.881825
14.886349
12.675638
16.016846
12.554496
12.579662
14.354387
15.880965
16.254515
13.894315
14.654527
13.152746
16.026437
14.601874
17.004805
16.186356
15.197702
16.427518
12.321688
15.244195
16.536342
12.138431
13.339153
15.083381
13.783231
16.099474
15.681326
13.662083
14.233484
15.305733
14.046811
13.235200
12.470634
15.755459
15.138268
15.115395
15.549042
15.104749
12.793456
15.527688
16.033389
14.261659
13.158925
13.230428
14.827681
14.669098
13.906908
12.065417
12.433696
15.406681
13.175015
15.269645
14.099047
12.897363
14.145407
14.265834
14.998114
13.619950
12.281435
15.003429
14.661490
13.301760
16.044214
14.631291
13.999105
15.052789
14.791234
15.624222
11.535456
14.370543
13.197917
14.989295
15.533143
14.046195
13.259701
15.481924
15.414601
17.381181
14.608678
11.168004
15.948913
13.131450
16.024195
16.267123
16.292694
13.732079
15.318478
14.130387
15.667673
13.785785
14.563443
11.754293
16.480960
15.785460
13.015520
15.605821
14.489223
17.158531
15.172632
13.406460
13.840751
16.392749
12.951296
13.946620
12.732485
13.328444
12.243217
14.371095
14.878927
15.563370
12.552658
15.263373
14.679947
14.564417
13.824551
14.862696
15.281611
15.908489
15.130968
12.191605
15.168738
14.219096
14.737396
16.386723
12.540023
14.487883
15.088773
16.565684
15.345356
12.564918
14.383009
13.696654
15.049837
16.805343
14.209117
14.813828
15.214423
14.717805
15.965508
15.018864
13.554256
15.048824
15.909381
14.185869
14.039265
13.706320
12.838766
14.145482
12.917789
13.655639
14.190249
11.207449
14.098957
12.218626
17.154362
14.979230
13.811999
14.142583
15.382988
14.622277
14.200492
13.801603
13.898978
17.023948
14.094244
13.712743
15.113606
16.262977
16.779573
14.215945
13.092663
16.153329
13.171296
11.474190
13.239721
15.569132
15.070946
13.278940
15.157107
12.217521
12.985607
12.342016
14.299748
16.686323
12.656451
16.700130
13.708076
16.212209
14.559216
15.079047
13.638555
13.028226
10.813606
14.645535
13.655558
13.444589
13.921264
12.969434
11.485406
15.128555
13.315779
17.234091
12.748750
14.266377
12.949152
13.598277
14.792334
16.143633
12.596574
14.068572
13.712238
14.628437
13.733747
14.057891
15.269946
14.105699
13.885218
13.325176
13.338662
16.251493
16.475713
15.782510
17.830152
14.640798
14.107800
13.377453
14.810534
13.938487
17.876768
16.121971
16.112276
12.104800
14.113107
15.067808
15.537363
13.598761
15.143604
15.184615
14.286228
13.052322
12.477100
14.504563
14.189777
14.731618
13.091623
14.765212
12.183526
13.795622
14.493870
14.304211
14.530267
16.201344
15.335353
13.972903
16.080514
13.598499
13.338733
15.222287
12.719118
15.588976
14.955632
16.077961
13.877547
15.501994
14.561643
15.903497
14.448593
16.066424
12.065556
15.194628
14.868543
12.704295
15.699739
14.112507
14.665652
14.572315
13.451267
12.313718
14.846850
16.038917
16.284307
11.075126
13.927267
16.240487
12.872416
14.734250
15.499766
13.823437
14.161245
13.472888
14.720583
13.227843
14.150239
14.885834
14.631161
13.755598
15.444097
13.949397
13.961052
17.517523
15.767759
13.615421
15.463703
12.053504
14.292000
14.774741
12.802941
16.284941
15.951733
15.577898
15.188506
16.001840
13.478352
14.696503
13.807899
13.632521
13.740744
14.732048
15.260044
11.705771
12.873277
13.964820
14.375388
14.358095
14.316947
13.090055
13.795317
18.577891
16.239161
14.521602
17.304635
14.390472
12.799653
12.987493
14.394971
15.121962
14.294980
11.521937
13.720629
14.268831
13.865720
14.082480
14.764920
15.165191
16.078812
13.353982
16.250401
14.921885
15.479494
12.536832
15.275270
13.287026
16.739441
13.798980
17.023127
15.329912
16.419725
17.159544
15.008000
16.583868
15.256981
15.277674
12.334100
15.926814
15.941000
15.454426
14.663318
15.162043
16.120802
12.632161
15.199811
12.565052
14.906284
14.599417
17.289148
13.374460
14.274779
15.238865
14.715815
15.989653
16.102467
15.406456
16.108846
16.393666
15.751041
13.480952
17.601880
12.991065
13.909948
15.428195
15.611560
15.042374
12.693249
15.080811
15.292692
15.740618
12.520574
13.900777
14.399246
14.086226
13.640118
15.320130
11.393350
15.425007
15.931055
15.024074
13.422418
16.685836
14.654077
15.073104
14.567146
16.212956
13.095052
13.037378
14.816330
14.553127
14.656644
14.371142
14.477837
16.233501
14.528966
14.414666
14.133676
14.126960
14.738335
14.509578
14.796393
16.034180
16.358136
15.789270
14.645087
14.287345
14.984502
13.156962
15.671825
16.895691
16.312335
14.024845
11.976546
14.584045
14.942910
15.946626
12.563680
14.152011
15.573312
13.599653
13.735312
13.223580
15.251873
15.285155
13.958130
14.067959
13.890267
16.665836
14.364919
12.952254
14.243514
14.748166
14.044485
14.011937
13.067784
15.027190
16.446102
16.527694
13.713840
12.695123
13.871676
15.111716
14.058099
13.822773
16.300000
12.100643
13.043410
15.116080
14.367678
13.195684
13.763426
13.176923
15.715318
14.595606
13.266719
14.014077
15.757654
14.016095
13.122021
14.777817
15.108059
14.435099
14.118541
14.636304
13.861463
14.006444
13.241080
14.068342
13.281933
15.470128
14.729279
16.418819
13.300603
13.562311
14.386212
13.867218
14.024277
14.990260
11.999271
13.800424
13.203624
15.183328
14.211699
15.526772
12.650607
13.797071
12.276677
13.512664
14.194218
14.706177
14.334649
14.384635
13.480794
14.110327
13.324646
12.609064
13.329112
11.805549
13.108282
14.447841
16.115449
14.382002
15.827833
12.708943
13.722304
14.532712
13.301029
16.627306
14.067661
13.095590
14.396380
14.372470
15.222062
14.096148
17.386140
14.958984
13.401768
12.502271
14.410736
15.790320
14.730206
14.306805
15.608371
14.992242
12.498548
13.309399
14.419647
14.903545
15.503080
15.298668
13.353963
14.442828
14.305575
15.632281
14.070789
16.670660
13.724809
14.002498
16.705404
14.197593
14.780232
16.319938
14.200099
13.643716
17.146321
15.970730
17.431580
13.222618
12.592235
16.189145
15.806879
13.401591
15.038245
13.739569
14.437409
14.577327
15.981609
14.739499
14.785790
15.388008
12.532676
14.194307
15.119761
13.380893
13.133097
14.971115
13.962117
13.977006
14.321603
12.855058
15.725503
12.938395
14.353763
16.577224
13.740577
11.986998
11.786435
14.663397
12.703157
14.605399
12.100687
14.401262
13.178348
13.130680
13.483732
12.668879
16.832623
14.528796
15.201292
12.660842
14.925979
16.472596
14.769688
16.200919
15.027279
17.021585
16.265297
14.268843
15.363218
16.211734
15.771787
13.880139
12.322035
12.500760
14.149886
15.839898
15.349779
15.712708
17.778504
15.613243
14.045546
15.586946
12.533797
12.936755
13.576276
13.096308
16.234156
13.533722
13.708515
14.219103
13.156392
15.822158
14.244680
13.551912
13.060965
12.515145
16.929933
11.966052
15.838258
13.135298
13.392860
15.686671
13.770876
13.409899
13.434224
16.954888
15.790995
16.485431
17.166292
16.489036
16.039735
14.651557
13.453362
12.989586
13.887658
12.960052
13.859128
14.262449
15.479069
14.108817
14.735184
16.610987
14.154737
16.222668
14.744941
13.751407
14.953259
15.553684
14.398282
14.233823
15.298624
14.753099
14.410925
12.856417
16.499555
16.501811
15.663887
14.207271
15.849713
14.505840
15.705134
15.664646
15.251485
14.662262
17.042034
14.510070
14.639739
14.906721
13.634513
15.381857
12.247573
14.906647
14.974365
15.118480
14.248239
14.794860
13.879167
12.485390
14.117391
12.679805
12.862012
16.338144
13.898799
11.931846
15.693926
13.008821
14.161666
12.387467
15.471762
13.368811
14.873874
12.582241
12.876293
16.260245
14.341516
14.439486
15.120808
16.880492
15.108599
14.773617
14.740985
14.144793
16.281439
11.301812
13.892320
15.072528
14.872170
13.973265
14.255863
17.351193
14.590080
15.234207
13.113924
13.757626
13.225217
13.370679
16.433011
15.010180
13.447958
15.594010
16.138453
10.669363
14.741900
16.303830
16.359771
16.086326
11.881344
14.182596
17.035649
15.203509
12.652923
12.855043
14.036141
13.448299
17.174754
15.655930
15.981606
15.494012
14.728096
14.400231
14.732893
14.061376
14.007774
15.035270
16.556707
15.956464
13.363780
15.437347
12.556585
16.154353
12.240141
15.173387
13.792310
15.421226
15.816629
13.597945
13.406869
14.107106
14.177603
18.458698
14.683665
15.396508
15.465614
13.881378
15.181054
16.215476
12.757417
14.016008
11.523905
15.124179
14.541174
16.357474
15.188377
16.085072
15.465119
14.002429
13.341312
14.165260
12.789142
14.576618
14.872490
15.941226
12.967111
10.687273
11.988157
13.452981
14.507280
13.794582
12.964012
13.707952
14.022372
13.570999
14.800168
13.174497
14.639823
13.842235
14.286607
14.516965
15.258113
11.257714
16.487354
14.060147
13.284193
16.169256
14.125164
14.004501
13.095139
13.579213
12.868157
15.152603
16.894576
13.435732
13.208616
15.815419
14.784155
14.894374
14.913139
13.775045
13.457893
14.013178
11.801003
13.082127
13.649657
12.427915
15.049725
14.960488
15.203138
13.973411
15.396889
14.693214
15.891576
13.154030
13.170008
14.382362
14.922498
11.943828
15.755536
14.203071
14.547020
14.696265
13.748767
15.039020
15.084894
16.005510
15.390922
13.885799
13.895105
13.202071
13.502606
15.052440
14.255971
14.655611
15.842954
13.785077
13.852595
15.947166
15.651422
16.003561
14.283996
17.080918
13.417941
13.776837
15.946835
13.581921
14.423278
15.006967
15.374595
13.027297
13.584685
13.485748
15.901046
14.200825
15.347490
13.781851
14.495796
11.612830
15.228675
16.854574
15.685990
15.351917
14.689304
15.909620
14.423418
14.099024
15.182609
14.501941
15.396470
12.779846
11.799350
13.991858
16.313703
16.465644
15.237580
14.244270
16.976531
14.334138
14.850327
16.148826
14.704571
14.371340
11.969870
15.071438
14.297227
15.502071
14.585669
13.516317
14.635756
12.857367
12.755712
13.083806
15.454255
13.898389
15.070872
14.884509
12.626994
12.406575
14.681248
13.506866
15.515513
14.354631
13.963600
11.199780
14.580973
15.616507
15.193819
14.565646
14.537651
14.985314
13.649939
15.905942
13.605826
15.476925
14.984702
14.085791
12.379005
18.131080
16.395677
14.930543
13.480370
14.057656
14.406104
13.372773
16.259045
13.590098
11.895647
16.509224
13.224450
14.406229
15.973100
15.343028
14.759976
15.846564
13.435419
14.782630
15.320871
16.515148
13.608233
14.169873
12.888151
14.899697
16.854400
16.268622
14.109030
14.298447
12.365570
12.920277
12.965498
14.572675
13.459801
13.026597
14.542710
13.091256
14.713445
15.084844
16.160253
13.967999
15.896220
15.988857
13.391606
14.587007
12.661502
14.704423
14.818386
14.767902
12.035219
13.385191
16.546345
15.421908
16.284200
15.936252
13.102845
14.049073
14.981572
14.934628
14.387885
15.864877
14.280517
14.839545
15.953683
11.680578
11.950616
13.839463
13.766129
10.814083
14.898772
15.576844
14.561485
16.004884
13.653403
13.373711
12.011404
13.346377
14.376042
15.369616
14.842907
16.275900
14.151955
14.825293
14.941300
12.757496
14.625133
15.414249
15.011609
14.388036
15.360213
11.605351
15.259561
15.775179
17.617482
14.966044
15.669799
16.357952
14.174213
16.280745
14.774122
13.607716
15.559419
16.135325
16.439155
14.346128
15.222646
13.745945
13.869392
15.171246
14.066551
11.898418
15.893722
13.302807
13.048559
15.101567
15.822238
12.069901
12.417281
14.788476
14.780081
16.388651
13.720473
14.508849
15.031741
15.235695
14.528312
14.502857
12.483888
13.752561
12.547393
14.509801
12.353215
13.871870
16.859970
15.796042
14.216131
12.368009
13.657993
13.819856
12.555711
14.711891
15.722902
15.249977
11.284636
14.500194
15.419798
12.626711
14.854813
13.851156
13.129321
15.215675
13.130431
12.848070
15.336479
13.608963
12.631054
17.048248
15.301259
13.556777
16.814765
15.904882
14.237448
15.025830
13.249369
13.517070
15.272020
13.412844
14.660776
15.507778
13.385862
16.821906
13.781761
12.274403
14.576448
14.940218
15.150396
14.008448
15.682984
14.179683
15.712445
13.344057
13.662885
13.449367
12.798885
15.969735
15.273241
13.441879
14.714615
14.863808
16.459384
14.327921
15.499159
15.634990
15.083085
14.192336
15.488596
14.607571
16.198691
14.767747
13.565981
14.989324
13.654927
13.369928
15.182418
14.382336
14.975278
16.178256
14.834809
17.812532
15.611952
13.610540
15.050714
14.972368
14.001827
15.212040
14.813909
14.163741
15.027574
16.319472
14.570946
16.508443
16.418542
15.086607
16.505145
12.635257
14.882968
15.405751
14.457105
15.065714
14.748279
15.708801
14.188712
14.711600
15.128559
13.592653
14.890399
15.235145
14.551421
15.756131
16.710304
14.144762
14.368853
14.449613
13.900607
13.765998
14.680275
12.797302
14.924191
15.308936
14.576623
13.749471
14.597402
14.513642
16.103695
15.184726
15.555072
15.957642
13.400674
15.225277
12.881467
12.630433
13.454495
14.076342
15.369930
13.599612
14.097919
13.996185
14.587952
13.866945
15.935171
15.581180
15.028402
13.162094
13.376909
12.532567
14.713252
12.180470
12.422486
15.062970
14.756243
14.903858
14.254443
13.693657
12.568587
13.283227
14.720878
15.853733
11.649185
13.495131
15.006326
16.190947
15.708087
15.710320
14.447964
14.223401
16.514333
14.298037
12.248684
15.295375
13.826518
14.504297
15.797180
15.326339
15.380466
13.756384
13.906421
13.052996
15.278217
13.193980
14.600415
14.528231
12.838251
12.785804
16.800948
14.339047
12.374913
13.673223
15.791341
11.863751
15.267748
18.677214
14.074131
13.810662
15.209617
14.684509
14.739333
14.961292
16.224866
13.623374
17.011691
13.062546
15.287478
15.372008
13.510389
14.642462
14.414886
16.442892
14.532261
16.062190
16.014864
14.102049
13.756685
15.348006
16.582506
14.211400
17.091151
15.211892
13.207957
14.585820
13.497473
16.604945
16.635474
13.786718
12.683143
15.004319
13.196043
13.774982
13.089550
14.189661
13.648952
15.901279
15.323453
14.682182
14.345903
13.004440
14.576937
14.701074
16.429263
13.754205
14.265796
14.308523
16.401086
14.705890
16.105955
12.505581
15.153595
13.754162
13.101539
13.562192
12.422544
14.489071
14.368187
12.775888
13.842705
13.916908
15.002120
12.857871
14.568827
15.841020
15.341917
13.279892
15.040600
16.192526
14.190575
14.818451
13.964374
12.861158
14.586515
14.686253
15.414815
13.929126
15.593093
14.772026
15.889232
13.451733
13.756427
14.456843
13.746884
14.694335
14.650078
14.477063
14.813318
12.986586
13.159074
14.077426
14.337769
15.592947
14.333577
13.559762
14.496309
14.570029
14.676691
13.112212
14.783325
13.807406
14.862840
16.279785
14.048843
15.911770
11.658879
15.782087
11.955324
17.537112
12.550023
15.782528
14.604775
14.905949
14.846123
12.365495
13.978596
15.755324
14.596190
13.995241
15.319055
13.447029
15.241674
12.319677
12.991901
14.552203
15.191747
12.736199
13.660523
14.326893
14.562017
14.496847
12.447124
13.354337
15.947721
13.004377
13.105102
15.161633
16.361347
15.188441
16.287257
12.304438
12.657035
17.066641
16.785889
16.569778
11.764619
14.535744
15.141632
14.044097
15.835053
14.846639
15.084779
13.848247
14.129610
16.878963
14.297397
12.063224
14.844986
14.703541
15.533509
15.283253
15.609060
16.361826
14.020986
15.790257
14.607850
14.973432
15.813532
15.887233
13.863466
14.597013
15.025470
15.714337
13.656659
14.981227
15.119520
14.068277
13.758531
13.568570
16.924324
14.848975
13.491908
15.892192
14.540875
15.447430
13.875325
14.236346
13.436878
15.691496
13.693029
15.155616
12.376556
14.690796
13.315794
13.307521
11.785838
14.606293
13.646807
12.927659
16.343383
15.084029
15.132880
16.239936
12.465040
15.687319
14.677499
14.323289
14.024271
16.428378
15.751768
11.679170
14.627281
14.586192
15.508465
14.808393
14.410174
16.108711
16.196959
16.312109
13.688323
14.066816
13.722019
13.333389
15.903407
13.481783
12.522191
12.284728
14.881064
14.723589
13.468597
13.266362
13.782058
16.331941
13.930252
13.150917
12.282970
14.442113
14.740516
14.728806
14.917508
15.549358
13.299121
15.651637
14.843684
15.182882
13.440313
13.587306
13.860676
12.447157
13.426377
15.199134
15.044778
15.381185
14.799121
14.895182
14.459908
16.865964
14.085566
14.919719
14.889945
15.554883
13.315892
13.515130
15.441422
15.662055
15.679400
15.801349
15.528480
14.614736
14.626559
14.988329
13.603047
13.785443
16.893483
12.949076
15.327632
13.869522
12.979053
12.649849
12.685783
12.729041
14.124404
13.011383
14.832466
12.867034
15.123523
15.303453
14.671852
15.015019
13.369163
15.603719
13.042557
14.275226
13.661080
15.410113
15.838765
15.339201
13.086051
14.488448
12.691025
14.206828
14.955084
13.640970
14.985983
13.252669
13.717420
14.289147
13.628102
15.372801
13.783272
14.558603
15.048720
11.170249
13.519257
15.093045
14.650468
14.339564
12.735501
13.709921
13.223789
12.964490
13.026945
15.491626
16.149444
16.277244
12.951467
13.832342
14.710139
14.296479
16.979823
12.294840
15.467399
14.786052
16.543894
15.308221
16.802114
14.979549
12.306521
14.008712
13.639437
13.577197
14.664043
16.342739
14.596539
14.577655
14.506290
13.644022
14.930597
14.074229
14.569239
13.018977
13.371005
15.284740
13.713465
13.632129
13.827811
11.875784
16.261564
12.332455
15.719327
13.625133
16.398525
15.669543
15.257731
14.407059
16.293732
13.699950
12.611818
15.752802
11.805530
15.173443
13.540331
15.332452
16.341690
10.955551
14.932496
12.905438
14.144078
14.047383
14.008078
11.738257
15.717987
15.167015
15.649744
13.948598
14.024357
16.179095
13.985090
13.605582
15.324225
13.879963
16.262855
14.800551
12.540151
17.956819
15.726477
13.957677
14.643115
13.839805
12.582694
13.022796
13.736945
13.539785
15.507931
14.645286
13.632971
13.895052
13.828164
14.815281
12.762695
14.404996
12.801452
14.203739
13.976426
15.845909
12.677834
14.279127
15.570751
14.120319
15.621631
15.645215
14.967571
13.509180
15.751780
14.232162
15.996377
13.489256
16.153792
16.547924
13.452065
14.948722
13.602849
14.383827
15.085404
16.151089
14.038369
15.107398
16.162330
14.009051
15.246558
17.035984
15.965434
13.034634
16.827996
15.314932
13.235566
14.081067
13.292585
15.627564
16.288820
14.146330
14.917416
14.408033
15.146792
12.617970
15.439383
13.723048
13.065931
15.856169
15.642690
14.895391
14.390124
14.590985
12.750523
14.605797
11.955729
13.954366
16.018046
16.893281
15.172088
13.589278
14.956505
12.142366
15.483309
12.663856
14.659334
14.736368
15.695458
15.788900
12.874901
14.341401
16.647025
15.622352
15.154788
14.871852
15.630447
12.339461
12.820446
14.265490
14.802766
14.489671
13.360758
11.111981
15.704958
14.460002
13.686481
13.053989
13.291812
14.444447
12.712146
16.845443
17.370517
12.182985
15.632361
14.268220
14.832591
15.682052
14.821913
15.481543
17.510382
15.246128
15.148372
12.867499
13.700008
15.615398
14.186428
16.219797
14.312850
11.492744
12.974809
12.349376
14.410506
12.949454
10.836446
14.107809
13.347788
12.214389
13.516790
12.307222
12.802074
16.294379
14.889827
14.969573
13.432455
15.574324
16.281956
15.051290
16.292967
13.570920
19.289632
14.613823
15.602022
15.381762
16.686416
16.518574
12.950270
14.214130
13.922121
13.045964
15.668417
12.859737
13.285306
14.278982
13.454699
15.297585
13.582728
13.833404
15.998446
15.007504
16.391181
14.583184
16.229220
15.741543
14.473946
14.812149
14.896271
16.163317
15.398759
13.538322
14.141070
13.918383
15.065740
15.789313
15.601714
13.631692
12.965582
14.403790
14.328101
13.058521
13.553876
16.051012
14.486305
13.486925
13.913498
14.082236
14.083161
16.630074
14.925765
13.599774
15.041144
13.277641
14.576079
16.530819
14.438628
14.891742
14.233107
12.493534
14.495946
16.604205
13.839897
13.226939
14.929337
14.314057
14.071196
12.839258
15.551301
14.588088
14.675050
14.831239
13.611612
14.075018
16.226522
15.725017
15.268143
15.888817
15.347464
15.289327
14.924794
14.216700
14.009213
14.229582
14.949817
13.635699
14.287298
13.654379
14.788724
15.679392
15.038166
15.344463
14.519561
17.945487
14.863757
16.870463
13.643080
14.598950
12.811826
15.160503
15.817187
14.060304
14.843810
15.492529
15.224689
12.912528
13.933997
14.937946
13.234509
13.593976
14.014670
14.506020
13.123281
15.244500
14.194459
16.609689
13.525652
14.175813
14.642170
15.398648
14.747615
17.050053
15.685635
13.721352
14.160065
14.365961
13.677160
13.516287
14.893396
14.298321
13.215763
14.045309
13.642673
14.179508
14.898773
15.280701
13.940621
14.886715
15.365764
14.853883
12.172668
13.229178
14.138358
13.572328
13.023792
13.900867
14.033243
13.351714
13.745966
13.788038
14.098447
12.665077
14.886199
14.986330
15.959600
14.257452
15.811481
12.854366
13.566616
13.315770
13.904985
13.826514
14.202504
13.899532
13.569317
14.934023
15.309762
13.984957
15.404742
14.857273
12.105589
15.655487
13.214449
13.040008
13.598642
14.800154
16.222947
16.680719
14.741367
15.532595
12.977210
14.799696
14.871460
16.179990
13.456943
14.049508
12.924290
14.404483
13.009201
15.464010
14.663976
17.121943
15.145112
13.798241
15.113112
17.503904
13.194695
14.888091
13.332369
13.607535
15.835181
12.612455
16.589729
14.242501
16.213751
14.878027
14.940643
17.078221
14.302813
14.819244
13.609212
12.745818
13.666844
14.445424
13.638794
13.896431
11.687642
14.255527
13.833079
15.231998
18.117913
16.369089
15.307342
15.834135
14.659534
13.844765
13.193206
12.851358
14.043736
13.050950
14.903486
14.949528
11.952670
15.364343
14.170054
16.442263
14.439078
15.040776
13.539326
15.230533
17.351963
12.935512
16.004984
13.506627
15.207372
15.003917
16.578539
15.619624
15.049324
14.554696
14.514518
16.425136
15.541420
14.758092
13.609827
11.641113
16.021907
13.797228
15.335439
13.866173
16.949444
14.960609
12.340214
16.611605
13.003164
14.735993
12.683603
12.802483
13.450291
12.983000
14.976213
13.721357
13.708793
14.449669
15.110735
15.019862
13.528789
12.658012
13.500980
13.693386
14.769457
14.213129
15.096861
11.776579
15.318754
15.507056
12.831961
15.766535
16.048366
13.515700
15.220006
15.693398
13.820799
14.384143
15.295708
15.065269
13.981148
13.922031
13.703538
14.111771
15.111000
14.288456
15.866213
15.517402
13.535202
12.898116
11.676611
14.458956
15.174712
14.237689
16.671262
14.453084
14.064268
14.011389
13.285451
15.654413
13.477385
11.816411
13.850087
16.529278
11.582657
13.385769
12.735954
15.765385
13.221480
16.774270
14.136892
14.712069
16.212912
15.887658
16.283684
14.630033
15.395498
16.193807
15.775498
16.067214
14.186712
13.417739
14.510027
15.789253
14.861550
15.217607
14.868975
12.333422
16.171871
12.121086
15.668170
13.876401
13.976039
14.387138
15.347731
15.893685
15.356281
13.064667
16.315790
13.590314
12.793981
16.144881
14.477891
15.230210
16.213565
14.228821
16.531030
15.425016
16.492716
13.800292
15.731054
13.746024
13.791873
16.953063
13.694822
14.388864
12.643011
16.148740
13.632737
12.481767
13.754759
14.213739
14.938735
14.155523
14.492126
15.626911
14.876399
13.302040
13.693854
11.992146
15.298703
15.084544
13.298508
14.452679
15.659147
12.559672
13.841886
16.640854
15.283100
15.717995
16.160459
14.185714
15.460148
17.455871
15.221738
12.854350
13.795714
14.907603
15.706474
14.672657
15.139987
14.022102
16.420933
12.826400
14.655587
13.383449
13.771963
16.798118
15.724702
15.703645
13.329560
13.592374
15.087226
14.637168
14.378362
14.116019
14.313947
16.230204
14.387584
12.820399
16.893649
16.159999
15.031273
16.079461
14.004438
14.496398
16.236994
15.752153
13.675177
13.601501
15.246554
16.091109
13.531240
13.977277
11.884879
11.852482
15.795316
14.385582
13.802570
14.650611
13.277017
13.727314
15.266568
15.780908
16.379928
14.013643
16.065107
14.330720
13.039565
12.348576
14.624686
12.642489
13.064629
13.273389
14.753037
16.368576
14.986172
14.841751
16.146147
16.291945
16.315086
13.324312
12.494377
15.541096
13.897319
13.412359
14.968095
13.392540
12.446900
14.214453
14.286402
14.363721
12.866051
14.573926
14.327429
16.141274
13.895684
14.835669
15.149575
11.646952
15.175442
13.391270
13.182315
13.846834
16.202609
15.270848
13.607033
15.509433
15.708419
13.238303
13.087196
13.861642
11.994190
14.193332
14.847274
16.158504
15.814712
15.557521
13.599312
13.352209
14.576128
14.444770
12.809475
15.229140
13.632403
14.383559
14.263749
11.637137
14.281182
13.192805
14.543573
15.301174
16.066529
15.013039
15.218069
15.252222
17.055417
14.710400
16.412680
14.531618
13.714761
14.563134
14.392814
17.239422
14.857860
15.626476
15.956774
12.378523
15.560408
15.392405
14.352389
17.206795
13.802724
14.509087
15.062543
16.397185
13.803419
13.306129
14.629695
14.001326
16.398985
14.150909
13.807458
13.635946
16.608874
13.251797
14.601464
11.490510
13.231592
14.007439
15.775371
14.283944
13.410836
16.772254
14.760413
15.643692
12.287592
14.910667
15.181797
12.443760
13.662549
12.110868
16.825169
12.057538
14.889467
15.682508
15.989953
15.565747
12.448790
14.232676
13.883164
13.903431
15.360567
16.906256
13.762519
17.025881
13.805164
13.645785
13.461279
14.897716
12.426350
15.822103
14.291890
15.482737
13.882561
13.747268
14.515605
14.844342
16.307057
13.593988
15.034273
14.628076
16.217441
15.746322
16.984549
16.050519
14.805796
14.373978
14.374349
13.414457
13.940755
14.896349
15.457465
14.779207
12.628369
12.342078
14.513133
14.718631
14.485537
13.540177
14.217095
14.195354
14.029904
16.325075
15.616459
14.861127
15.055847
13.443283
15.289588
15.645538
13.407032
15.928894
13.734588
13.904095
15.261405
14.766049
13.734005
12.617009
12.579076
16.679640
15.809114
14.180973
13.475189
15.330199
15.271831
13.694190
14.439830
15.207057
16.779163
16.590752
13.508959
15.051785
10.275192
15.097500
14.586363
15.697409
14.720141
13.668200
14.777852
16.466478
16.802032
12.849351
15.006435
16.260132
16.730508
15.714515
13.535276
14.342806
12.751962
14.511691
15.058755
15.423391
14.903576
13.016302
14.135424
15.578958
15.508642
13.815619
16.248794
13.789438
14.950732
13.238297
11.448863
14.835508
14.534927
15.118581
14.965866
13.533836
16.251818
16.373277
13.999162
14.659206
14.641597
13.192259
13.767537
13.396560
13.975672
13.489483
15.746830
10.379290
13.243758
12.422149
15.377507
14.479730
13.632194
14.211803
14.605736
15.079916
13.273184
12.636798
13.234329
12.746728
14.703765
16.525626
16.273566
16.099271
14.619901
15.391884
13.872304
15.268989
14.074186
14.301193
13.033288
14.225353
12.800268
13.027495
13.913034
13.857787
14.367661
14.595089
13.158753
13.707068
12.361503
15.083051
16.419875
15.215040
16.862592
14.106709
16.385640
15.653945
14.267345
14.496938
12.821778
14.567862
15.226293
13.992812
14.668184
15.226950
17.233985
14.020390
13.736157
13.806566
13.577598
13.779578
13.106473
13.982570
14.120409
13.844753
15.404847
14.215803
14.020144
17.026334
15.832475
12.601857
12.915938
12.119758
14.409218
15.079580
14.816919
12.939654
13.433496
15.602508
14.051707
13.777344
12.936330
15.071531
14.749441
18.995088
13.846720
14.695872
14.728438
14.128064
15.047491
12.484490
12.430681
14.673194
12.415014
11.966093
13.964995
16.464056
15.977371
16.442667
15.901013
12.479562
14.713113
15.938472
15.962304
15.542730
14.844272
14.432042
13.437643
14.798395
15.482611
15.730296
15.240264
15.127570
12.980067
15.279100
17.491792
15.661614
17.811045
14.087825
13.294982
15.558895
13.909173
16.101030
15.971376
15.778061
14.484157
14.329406
12.623892
14.289587
15.618853
12.323583
14.725478
14.467962
13.272432
16.657076
13.849291
15.056623
16.194932
17.297297
14.434300
12.983498
13.340617
13.712052
14.189919
15.191124
14.957036
15.995625
14.406680
13.531387
16.913072
14.282708
15.197054
15.455014
15.776725
14.334327
16.106639
13.856149
12.648909
14.493302
14.275308
13.951808
15.531633
16.598858
16.688758
15.455160
13.200991
14.806195
13.873251
14.079634
13.728408
13.227785
16.234289
15.956023
16.438546
13.416064
15.826363
14.178160
14.938312
15.584240
13.603267
15.754067
15.973697
13.714536
15.173363
15.431988
11.921166
14.900042
14.175802
14.827599
15.089310
12.192305
14.367019
11.508499
16.514073
15.472085
14.677570
14.840280
16.198023
15.064224
14.552572
15.797402
13.654809
14.131423
16.860476
15.252133
15.180515
12.994081
14.162215
15.459698
12.447013
12.599402
15.939816
18.224665
15.752975
16.654808
16.182192
17.210929
14.703911
17.246091
11.185828
13.855690
15.022586
18.419715
14.815920
14.254615
13.194596
14.168672
12.669622
16.067649
12.890602
12.596164
14.009705
15.936074
13.093425
16.822398
13.662836
13.578492
15.222621
12.406677
15.344728
13.944679
14.728072
13.553712
14.991366
16.284968
15.061310
12.636663
14.155879
13.665123
13.919513
13.801255
12.936647
13.542317
16.952772
16.547827
13.649690
13.948419
15.124827
13.430003
14.365188
14.530513
16.943620
13.692477
15.444897
13.569284
14.775762
14.643649
13.711468
15.260816
14.254140
16.605801
13.489514
14.208802
13.059629
14.008304
15.031781
14.103953
13.211957
15.348401
12.725793
15.325915
12.530481
14.718194
14.629332
15.289772
12.799491
14.705783
15.694488
16.156340
16.623702
16.037364
15.680759
15.541933
12.234872
13.721701
13.553667
16.139888
16.814459
13.837448
11.662491
14.198269
14.680377
13.338003
13.798668
13.188904
13.750636
13.159128
15.495572
15.787177
11.888040
16.133164
14.544424
13.627995
13.553098
14.830606
14.478478
11.554001
12.860291
16.807512
15.077881
13.446048
12.885775
15.415563
15.263272
13.692426
14.298707
13.341673
14.231469
13.723157
15.058824
13.100842
13.307533
13.022587
15.923604
15.579868
14.046412
15.738088
15.184070
15.033838
12.833099
13.637146
13.740261
12.337888
13.714810
12.799605
14.452022
13.846023
14.370411
15.857040
13.014054
14.111148
13.943682
13.418480
16.010106
14.775849
14.850983
15.123865
14.474836
16.233129
14.520862
13.906421
14.878046
12.328901
16.029112
13.313667
16.137689
12.544438
13.953432
14.350598
15.066185
14.008629
15.679343
13.620912
13.694276
15.462400
15.347335
13.815949
13.237334
12.839579
13.736825
14.039952
15.371115
14.329761
17.206073
12.893795
11.242265
15.702039
12.987344
13.565340
16.294711
16.463981
13.014783
14.544768
14.383820
12.840112
12.270765
14.515414
15.342897
15.044802
16.647645
16.496982
13.599194
13.627569
14.989975
14.066041
15.483471
15.169093
15.569171
14.637536
16.174982
17.205401
12.492485
14.396622
14.362709
12.893685
13.741233
15.684792
14.702127
13.768413
13.975024
16.082004
14.088821
14.706695
11.584517
12.461921
15.209139
15.116106
13.926611
16.072194
14.464896
16.278899
13.459943
14.594879
14.440224
14.248763
12.837513
13.101825
15.975454
12.950640
13.762549
15.267629
15.192388
14.991292
14.380900
16.841756
16.366310
14.289079
13.124263
15.565720
15.232731
12.341438
14.665596
13.568149
15.291006
11.990250
14.517282
15.288546
13.350692
13.133049
15.590815
15.831209
15.207043
14.349961
13.484086
16.986717
12.657641
15.718309
15.746365
14.055881
14.777714
14.265194
14.956908
15.949199
12.653905
14.672781
13.083786
14.656956
12.452372
14.197900
15.310320
16.097622
14.890572
10.643618
14.405945
16.206014
13.461631
16.063165
13.857553
16.280138
13.354144
12.734030
15.701027
15.129613
13.348590
15.361750
15.091421
15.077810
13.378233
13.548393
14.045239
13.177219
12.398079
16.072090
13.281527
13.463677
16.220884
16.107235
14.521517
18.336311
14.226327
14.498276
15.030920
15.959689
15.402688
15.929250
16.666639
14.743711
13.165138
13.675191
15.135241
13.422108
14.141699
11.964374
13.941669
12.679701
12.077988
16.194057
14.156750
14.510819
15.026333
13.095775
14.595923
16.563913
12.004286
12.177734
13.633709
15.732103
14.245246
13.567025
13.024358
15.156917
14.425056
12.604529
12.375275
15.441849
15.823564
15.427474
15.362012
15.208318
15.647530
13.847142
14.125613
13.569045
12.997378
16.020726
13.504883
14.337372
16.613507
16.348407
13.586044
15.072002
13.705948
15.619779
12.628481
11.943860
13.123304
14.120847
14.270831
12.885324
12.719292
14.108403
14.241065
14.471159
15.322743
15.600565
15.582126
14.531951
16.198491
15.506857
15.640642
14.210478
15.821186
14.423015
12.317636
15.173707
14.182851
13.847385
13.200311
13.434123
15.746939
15.712547
12.769616
15.129631
14.478747
13.037784
13.621184
10.372429
14.775977
15.019343
12.867064
16.449864
12.749706
14.404585
14.228394
14.448925
13.006562
14.338749
16.188023
14.736490
13.830479
16.469103
14.775205
14.566834
15.599196
14.889144
13.189565
12.950509
12.968902
14.724922
13.548010
15.080851
13.281972
14.895867
12.626953
13.235698
14.413583
12.502019
14.211512
13.954894
15.343417
14.219269
15.281525
12.675511
13.645799
13.630963
14.730278
16.383273
15.529140
15.335549
14.890105
13.146497
15.988971
12.922029
13.271696
14.818998
14.850382
13.303129
13.991894
14.431486
13.611021
15.377224
15.079043
15.636806
12.593263
14.178376
16.729335
14.539528
15.441450
13.865698
13.136939
13.341653
13.212109
13.760611
15.180584
13.686389
13.542200
14.334130
12.684093
14.668439
15.344246
13.825677
15.861633
14.404129
17.695998
14.653886
15.186415
16.061495
13.609866
15.193747
14.210525
14.622051
12.338255
15.439401
14.654162
13.514202
13.993873
14.490516
15.555741
16.619457
14.518507
12.706126
15.457638
12.894432
14.314373
13.439395
13.044912
12.989567
15.381354
16.719879
16.195294
13.935909
12.760710
12.670432
11.728341
13.865543
15.108685
14.436770
13.145452
16.539331
13.649605
13.933019
12.357778
14.345911
12.650090
15.283708
15.840179
14.069931
16.518717
14.381689
16.139267
16.835373
14.093524
12.449027
15.136217
14.294581
14.410563
15.115549
12.605685
14.971762
11.790798
14.534040
16.235642
14.405857
14.629224
15.091793
16.414399
10.415894
14.782191
15.082173
14.499421
14.571452
15.417907
13.691710
14.356190
13.285794
13.744322
13.488851
14.665944
15.907112
13.812884
15.903013
14.358457
15.728180
13.807391
13.027808
15.511845
14.649788
16.430982
15.213150
15.937024
16.720723
16.046369
15.736193
11.948570
14.783802
16.410839
13.800475
15.340421
14.973559
13.539197
13.720179
12.245409
15.706339
13.657576
12.980511
14.257710
15.450244
14.514316
14.936726
13.262809
15.323664
13.974195
15.210193
15.082103
13.592199
14.038392
14.998708
16.633143
16.781659
14.241321
14.214109
13.914842
14.249316
13.589322
14.290715
15.057184
14.960082
14.322554
13.459129
15.011838
13.223505
15.637924
12.820896
13.767817
13.986395
13.694786
11.465674
14.977157
15.807215
16.154883
13.678749
14.548487
13.764032
13.624115
16.247881
16.272807
15.232412
15.669136
15.446850
13.850239
15.392703
14.738301
14.549322
14.986927
14.533250
13.752546
14.117812
14.550729
14.074479
13.857718
15.156415
15.388014
14.964015
12.924530
15.118831
15.370684
14.213051
13.860402
10.882060
16.843056
11.222427
14.250586
16.595722
14.708789
13.309998
16.358894
15.618666
15.245092
14.491752
15.274549
13.905732
14.235462
14.453712
17.618652
16.260626
13.521666
16.961366
15.746777
13.616008
13.536630
15.148675
16.002956
14.656215
11.669803
17.391893
16.018971
14.332323
15.538910
13.618370
14.919363
14.125635
