52.0506082357	80.0	5.61756734671e-12
80.0144364674	80.0	0.0
143.742076089	80.0	4.63215221947e-81
187.76404952	80.0	1.36649094267e-57
118.586212066	80.0	0.0
65.5760950308	80.0	6.60873001313e-62
15.8383503456	80.0	4.58635446639e-09
155.606187568	80.0	1.14192972989e-131
15.4165353121	80.0	9.27450098014e-37
86.2112874971	80.0	0.0
119.68190391	80.0	0.0
193.235108245	80.0	2.87677132003e-06
26.3025020228	80.0	4.34049626833e-05
92.045428196	80.0	0.0
9.00906142718	80.0	3.76216623507e-05
79.5075400989	80.0	0.0
138.55751317	80.0	0.0
67.1918502744	80.0	4.29745869091e-58
52.583462058	80.0	4.84244157303e-12
32.2155408007	80.0	9.97584882931e-23
124.187641193	80.0	0.0
150.493250416	80.0	9.92706609836e-102
147.346423924	80.0	7.92084818911e-107
203.018029067	80.0	0.0
12.7714528583	80.0	4.12940226678e-47
139.699870877	80.0	2.23724077618e-118
128.325091806	80.0	0.0
128.252433933	80.0	0.0
206.361956498	80.0	0.0
16.9242083497	80.0	5.78677614886e-21
147.533611855	80.0	3.27078098466e-100
170.077988109	80.0	2.29358559824e-108
110.319475744	80.0	0.0
73.7771105164	80.0	0.0
169.846660932	80.0	3.33179900856e-89
32.2907912723	80.0	8.79248624926e-18
98.2738393375	80.0	0.0
113.685709126	80.0	0.0
150.418064203	80.0	5.90279881767e-107
25.6585869932	80.0	7.49006995012e-06
56.6560481049	80.0	6.74105793662e-09
91.8909036176	80.0	0.0
137.297873024	80.0	1.40832064889e-270
187.462676391	80.0	3.01910582773e-51
131.001070041	80.0	0.0
37.0560364842	80.0	1.7089629794e-25
207.30044913	80.0	0.0
182.421987533	80.0	1.06909104214e-77
111.544912334	80.0	0.0
195.604775045	80.0	0.751077979544
118.257975805	80.0	0.0
194.218071752	80.0	0.224221420884
172.205492442	80.0	6.28252264301e-120
199.911741634	80.0	1.22502595738e-05
192.758270409	80.0	0.0222171284125
16.2577884254	80.0	3.17802416183e-06
45.962961037	80.0	8.45231704352e-08
86.6224402369	80.0	0.0
202.975206018	80.0	0.0
68.1495416838	80.0	4.60149103361e-79
40.3725028323	80.0	4.80274928946e-09
190.081456328	80.0	2.94194727345e-43
95.6046380736	80.0	0.0
193.700092233	80.0	1.63521946103e-17
42.1987666488	80.0	3.59150866083e-08
139.364515718	80.0	7.85750487373e-96
97.9939282679	80.0	0.0
26.935224185	80.0	3.10100885222e-09
151.25271852	80.0	7.1477173837e-97
58.1228573049	80.0	4.23329628815e-20
17.498209421	80.0	1.98490235985e-15
24.1817968612	80.0	2.38805789335e-15
21.6949500089	80.0	6.53428167525e-20
188.197765644	80.0	9.37613272842e-11
154.901130066	80.0	1.24393712317e-121
190.942415797	80.0	2.36144800472e-26
143.289424772	80.0	6.78145417433e-77
117.181533582	80.0	0.0
68.3673510071	80.0	1.43383484374e-93
210.125055241	80.0	0.0
82.1262851134	80.0	0.0
104.21418487	80.0	0.0
89.29435913	80.0	0.0
206.471576086	80.0	0.0
43.6555445464	80.0	6.32101178807e-09
76.1865298805	80.0	0.0
145.031607225	80.0	6.97123641773e-111
20.7779792068	80.0	7.97859729652e-22
132.569662512	80.0	0.0
103.954236019	80.0	0.0
68.4892739218	80.0	3.22938316572e-62
58.6713859224	80.0	6.94753808028e-15
112.624043086	80.0	0.0
85.1360551218	80.0	0.0
101.302612994	80.0	0.0
81.7821621527	80.0	0.0
204.538149998	80.0	0.0
40.7165795651	80.0	2.70766289255e-23
32.5667181892	80.0	1.66556533055e-16
80.2775939844	80.0	0.0
129.3816712	80.0	0.0
141.79332746	80.0	1.08117410806e-82
88.7464206722	80.0	0.0
210.054830457	80.0	0.0
79.8051055717	80.0	0.0
150.677925505	80.0	4.53001692045e-138
134.115971334	80.0	0.0
173.807196378	80.0	7.46078454158e-102
206.711698423	80.0	0.0
189.983450271	80.0	5.55292765101e-47
161.084980505	80.0	2.30189378286e-111
142.809359716	80.0	2.05067943757e-83
76.7936918457	80.0	0.0
36.3680860597	80.0	2.1498380291e-21
19.4301744136	80.0	1.66807732701e-21
60.7044735332	80.0	3.44508489583e-23
93.4736433204	80.0	0.0
114.120459433	80.0	0.0
166.358765146	80.0	4.27961468809e-108
202.2437344	80.0	0.0
31.8831398819	80.0	1.03565694325e-22
29.8151442454	80.0	1.31702926943e-09
132.364434689	80.0	0.0
154.530415968	80.0	6.10682600247e-109
183.546346637	80.0	4.08501183389e-85
195.442033168	80.0	5.04742963165e-08
203.872529043	80.0	0.0
89.6145043863	80.0	0.0
81.7095406644	80.0	0.0
40.9622083522	80.0	2.27699508703e-16
147.480225566	80.0	5.35352725761e-108
139.45538044	80.0	6.11848430483e-93
180.247044089	80.0	1.0903746125e-79
29.3141022518	80.0	0.000597636615962
109.172852839	80.0	0.0
126.96375846	80.0	0.0
56.8523326597	80.0	4.21289990028e-15
44.9803109048	80.0	1.86021731472e-07
182.508876369	80.0	5.0968605007e-80
19.8195902151	80.0	1.28669326806e-17
98.4504194132	80.0	0.0
37.0481578463	80.0	1.16072637342e-25
98.7882705105	80.0	0.0
209.685105254	80.0	0.0
97.747830005	80.0	0.0
179.73269764	80.0	8.75065491898e-86
33.0511010622	80.0	5.72912158108e-31
61.6347833554	80.0	3.18947618086e-31
87.5956383994	80.0	0.0
89.6078334651	80.0	0.0
148.032129967	80.0	6.24028739395e-105
78.4404598021	80.0	0.0
150.412600603	80.0	3.02080737517e-122
140.05784826	80.0	4.8063959998e-220
89.1006155587	80.0	0.0
90.9075547497	80.0	0.0
130.406325741	80.0	0.0
25.8246699541	80.0	3.10715328903e-12
174.243385797	80.0	6.84701281526e-113
137.647921464	80.0	1.73536370612e-90
158.115582428	80.0	2.91749062488e-135
117.765600247	80.0	0.0
31.1292633052	80.0	6.01726430047e-15
96.0721692628	80.0	0.0
91.765891809	80.0	0.0
72.3715976319	80.0	6.27862235989e-267
17.1904295429	80.0	2.33469525871e-09
156.750230128	80.0	7.80347574402e-137
26.4660328564	80.0	0.00177851987632
133.92465075	80.0	0.0
154.142904194	80.0	2.58089393683e-119
135.222192569	80.0	3.15659690778e-311
200.864784539	80.0	0.0
33.3167448602	80.0	1.28049792857e-17
181.166424161	80.0	4.95756482317e-81
15.9133489354	80.0	7.65999093216e-08
117.744277577	80.0	0.0
90.7933094986	80.0	0.0
115.788803831	80.0	0.0
81.6122778552	80.0	0.0
52.038581939	80.0	4.96324035601e-09
14.7428432149	80.0	3.87602312789e-12
115.82275357	80.0	0.0
178.933440752	80.0	1.40225452386e-94
85.2032719117	80.0	0.0
53.7038626603	80.0	2.71907800134e-11
25.1490979532	80.0	3.19691371232e-15
26.5795948365	80.0	1.64660416864e-08
52.7981865325	80.0	4.11169994376e-10
31.1649728784	80.0	1.42203666931e-13
57.6695245531	80.0	4.14124803875e-15
19.894623468	80.0	4.98875859033e-25
24.5813082147	80.0	1.16694582797e-15
182.531377843	80.0	1.09395786419e-88
42.1036210801	80.0	7.27687631729e-09
120.093183396	80.0	0.0
162.656643553	80.0	4.65066940176e-96
106.536019599	80.0	0.0
39.6708784821	80.0	1.3324358833e-15
50.0086263164	80.0	9.22746160961e-10
