70.9455680131	80.0	1.54502635638e-160
97.9024828306	80.0	0.0
165.823698134	80.0	6.45785612182e-155
207.783211164	80.0	0.0
135.79277966	80.0	0.0
80.5895954979	80.0	0.0
34.2234776883	80.0	3.19727242415e-23
176.594581999	80.0	2.69365162192e-186
36.0585564037	80.0	2.52544390185e-33
106.084288632	80.0	0.0
141.177078238	80.0	0.0
211.749677755	80.0	0.0
44.7084696932	80.0	1.91119757112e-08
112.872960641	80.0	0.0
30.1370681427	80.0	2.70246372462e-39
97.679535763	80.0	0.0
158.793934212	80.0	0.0
84.3318060823	80.0	0.0
75.557618162	80.0	0.0
51.0391002712	80.0	6.89597228229e-37
139.669379016	80.0	0.0
171.882578821	80.0	1.75983962629e-169
167.268592501	80.0	6.45098287035e-176
215.859988999	80.0	0.0
37.3858249569	80.0	1.08115274135e-44
159.850712175	80.0	3.78474876531e-197
148.120582571	80.0	0.0
145.568339805	80.0	0.0
221.605385311	80.0	0.0
37.4263233688	80.0	5.02104080427e-32
170.29501334	80.0	9.74044135602e-172
189.904244038	80.0	1.86583035634e-137
137.216549521	80.0	0.0
89.3193163322	80.0	0.0
191.156012204	80.0	2.18146936949e-119
46.1339927534	80.0	1.05293218976e-21
123.699984267	80.0	0.0
131.630041725	80.0	0.0
166.738217076	80.0	4.02301064205e-174
43.9047434812	80.0	4.67143103236e-24
76.8546393415	80.0	0.0
105.422456089	80.0	0.0
163.258570695	80.0	0.0
204.886283936	80.0	0.0
153.327404963	80.0	0.0
58.0679031521	80.0	5.95940095142e-60
223.529034587	80.0	0.0
207.556998049	80.0	0.0
130.637107965	80.0	0.0
211.321514412	80.0	0.0
143.887457796	80.0	0.0
210.448195234	80.0	0.0
196.40051468	80.0	2.48556844487e-130
210.901348806	80.0	0.0
210.105275043	80.0	0.0
33.2523651119	80.0	5.02748988567e-12
61.5619026282	80.0	2.28324044971e-82
106.285024875	80.0	0.0
220.524209015	80.0	0.0
85.819361834	80.0	0.0
61.0775398929	80.0	3.2399176302e-43
205.572546614	80.0	0.0
115.095914384	80.0	0.0
212.659202319	80.0	0.0
63.0052907575	80.0	1.74383716647e-71
157.329893375	80.0	9.45417202269e-202
121.115196202	80.0	0.0
47.2330067701	80.0	2.6169272733e-05
167.681591307	80.0	3.86743643156e-171
75.183066597	80.0	0.0
32.7829517535	80.0	4.89539902309e-19
50.5070976542	80.0	5.82536995463e-12
41.0968928509	80.0	1.23634118858e-40
204.681625294	80.0	0.0
174.662608143	80.0	7.43446492451e-189
206.660425565	80.0	0.0
165.08174797	80.0	4.79295344327e-145
135.331230744	80.0	0.0
88.5199366958	80.0	0.0
230.886450009	80.0	0.0
97.8635757485	80.0	0.0
126.420390366	80.0	0.0
114.555001871	80.0	0.0
227.606786247	80.0	0.0
69.3522568043	80.0	2.42916038069e-119
100.405820615	80.0	0.0
161.358811652	80.0	2.75909096823e-185
33.4433502402	80.0	1.51368322887e-35
159.272445854	80.0	0.0
125.622638942	80.0	0.0
86.6720360082	80.0	0.0
79.588511789	80.0	0.0
129.402579322	80.0	0.0
102.220547043	80.0	0.0
119.233830719	80.0	0.0
101.257235489	80.0	0.0
228.830983388	80.0	0.0
62.401066523	80.0	2.61721021304e-60
52.5565580962	80.0	7.16042728752e-42
95.7134699516	80.0	0.0
152.176017619	80.0	0.0
161.984386557	80.0	4.56002488853e-175
114.864785639	80.0	0.0
225.385508952	80.0	0.0
104.372144003	80.0	0.0
174.632574576	80.0	1.20334799073e-216
157.450035148	80.0	0.0
192.3764192	80.0	6.03720172409e-129
229.594899724	80.0	0.0
202.220079583	80.0	0.0
177.014551855	80.0	6.48631912203e-185
167.280842344	80.0	1.99039084197e-154
96.1218219099	80.0	0.0
57.8775716154	80.0	1.1811492672e-54
43.8890663411	80.0	5.38985754399e-46
80.6296455489	80.0	0.0
114.381944116	80.0	0.0
129.801256284	80.0	0.0
178.514203292	80.0	7.49101249669e-174
221.881673927	80.0	0.0
49.8952618348	80.0	4.81291107368e-35
48.2617492893	80.0	1.4290911271e-07
148.795454602	80.0	0.0
175.372598484	80.0	3.68243719044e-172
206.370207897	80.0	0.0
212.167965802	80.0	0.0
228.637456018	80.0	0.0
103.552245263	80.0	0.0
99.5589830996	80.0	0.0
60.2993504588	80.0	6.53590591694e-56
167.251393738	80.0	2.40394289845e-176
157.891480689	80.0	4.95601845651e-195
202.012575066	80.0	1.63510863366e-74
57.0846278024	80.0	2.41251692034e-28
127.908155222	80.0	0.0
147.710259336	80.0	0.0
75.067753895	80.0	0.0
66.2299971733	80.0	5.96609804944e-110
202.785237272	80.0	0.0
39.5802600967	80.0	7.08590032315e-38
113.666825779	80.0	0.0
51.3765197305	80.0	6.47354067071e-46
123.914230959	80.0	0.0
231.212384635	80.0	0.0
116.624727161	80.0	0.0
197.018008271	80.0	1.20808791195e-83
61.795843537	80.0	3.30675236037e-65
84.5453882501	80.0	0.0
112.672860187	80.0	0.0
114.208941727	80.0	0.0
167.115804747	80.0	9.91287659767e-176
104.354612481	80.0	0.0
172.135046905	80.0	3.3502928382e-199
161.560902213	80.0	9.12463999522e-308
106.407846888	80.0	0.0
103.798018042	80.0	0.0
147.957421138	80.0	0.0
46.1242012928	80.0	0.822066343639
191.118734986	80.0	4.24478284423e-139
157.645261076	80.0	1.53557376833e-178
181.333082193	80.0	1.39584587549e-201
140.317029213	80.0	0.0
45.6337760163	80.0	6.3867870996e-15
111.68738267	80.0	0.0
112.488917629	80.0	0.0
95.009319152	80.0	0.0
33.9017505156	80.0	8.08965677799e-07
172.22148633	80.0	1.9669204233e-204
46.7244795435	80.0	8.08371909137e-07
151.803689244	80.0	0.0
169.277049144	80.0	1.28834939581e-179
152.230554467	80.0	0.0
215.533329908	80.0	0.0
59.7453246334	80.0	8.25209341064e-42
203.660562787	80.0	0.0
38.9933084659	80.0	7.77206363913e-06
135.644726068	80.0	0.0
111.947564554	80.0	0.0
135.010240112	80.0	0.0
93.8008508906	80.0	0.0
75.0692102236	80.0	4.02243040541e-281
36.6001754762	80.0	1.27361040214e-05
134.355329323	80.0	0.0
200.424583902	80.0	9.18341442381e-90
111.696865304	80.0	0.0
72.4868091864	80.0	1.7953327072e-221
48.108843718	80.0	4.59197827868e-12
47.4443310695	80.0	0.177885199547
70.3263956521	80.0	8.66470847679e-188
53.3528909974	80.0	2.05511280312e-23
79.0683926951	80.0	0.0
39.6785775733	80.0	5.74617806574e-44
40.3042996772	80.0	1.63293824806e-37
205.343535433	80.0	0.0
59.693139792	80.0	1.11056016895e-47
144.65170435	80.0	0.0
181.01818807	80.0	7.36055470288e-158
127.0213636	80.0	0.0
58.6241678909	80.0	9.38268659577e-50
73.7181706004	80.0	3.92674913151e-254
