48.6517927357	80.0	8.91874067238e-05
75.7037702652	80.0	9.26974720194e-204
140.844394935	80.0	5.71513845422e-36
181.711313503	80.0	1.48291958084e-41
114.291081212	80.0	6.76499547205e-310
62.5290650038	80.0	1.34227144389e-17
10.726218122	80.0	5.44338477555e-06
150.85937403	80.0	7.91122859042e-73
8.59502573462	80.0	1.2270144938e-35
80.3718740977	80.0	6.76499547205e-310
114.472842429	80.0	6.76499547205e-310
189.592208645	80.0	1.33663969912e-06
22.4069837501	80.0	1.29408959144e-06
88.2269527361	80.0	6.76499547205e-310
7.25491073589	80.0	4.07815915881e-05
75.7165994227	80.0	1.45610282953e-204
131.605396857	80.0	6.76499547205e-310
63.0284930091	80.0	5.10069306566e-15
47.0230253598	80.0	1.77043335707e-07
28.6354834028	80.0	8.22168325188e-06
120.446895009	80.0	6.76499547205e-310
145.319293583	80.0	1.59402103962e-43
142.596853673	80.0	4.43073875225e-37
198.320852314	80.0	5.73277977278e-07
7.65015243932	80.0	9.87963519714e-47
134.736169961	80.0	1.85298600123e-84
125.238940871	80.0	6.76499547205e-310
123.091395935	80.0	6.76499547205e-310
200.903865541	80.0	0.000115157540381
11.6132194331	80.0	1.95309987862e-16
142.834534006	80.0	4.44413658451e-32
167.465213751	80.0	1.58179070832e-46
105.661539315	80.0	6.76499547205e-310
70.885917094	80.0	1.99800643805e-57
164.851952921	80.0	7.96989870404e-39
25.3456413866	80.0	1.02776325849e-07
94.1239727476	80.0	6.76499547205e-310
109.101000371	80.0	6.76499547205e-310
145.299328119	80.0	3.81053654349e-40
23.1618549177	80.0	2.02354673355e-07
51.6628201839	80.0	0.000615261366613
87.9664664792	80.0	6.76499547205e-310
132.251324981	80.0	8.83455151919e-226
183.025248067	80.0	6.1885706921e-43
126.374591528	80.0	6.76499547205e-310
32.9187681252	80.0	4.92597180383e-22
202.683778287	80.0	0.0
178.440782596	80.0	7.57873078066e-37
107.013373485	80.0	6.76499547205e-310
190.251524587	80.0	0.50713623778
114.169322949	80.0	6.76499547205e-310
190.067368205	80.0	0.122940671802
170.779835481	80.0	3.77634947379e-55
197.154851309	80.0	3.55186045695e-05
188.589894391	80.0	0.0148514513974
13.6234688842	80.0	3.84150552212e-06
43.0499973674	80.0	1.46863525178e-08
82.4027825868	80.0	6.76499547205e-310
196.380139584	80.0	1.36166942337e-07
65.7687919186	80.0	2.27145681669e-38
38.1101551587	80.0	9.91760344964e-07
184.189269802	80.0	2.77403109863e-42
91.773913417	80.0	6.76499547205e-310
185.952712646	80.0	1.26050388405e-18
37.7935133198	80.0	4.9431268875e-06
134.948325836	80.0	3.29907062757e-63
95.0685487923	80.0	6.76499547205e-310
23.0758755904	80.0	1.19157042572e-10
147.093638616	80.0	3.55619451723e-48
55.0257046805	80.0	1.67343822775e-17
15.1564452041	80.0	2.32650896272e-07
17.7692427136	80.0	3.41067057381e-11
18.5485637727	80.0	6.28050634359e-17
188.194955248	80.0	2.61335259957e-11
152.589964155	80.0	7.64794399537e-53
187.293451845	80.0	9.72774691702e-28
140.846993545	80.0	2.56748561265e-34
110.30857148	80.0	6.76499547205e-310
64.8983433805	80.0	2.02167914492e-50
206.261888084	80.0	0.0
76.7464631709	80.0	6.76499547205e-310
99.5976395995	80.0	6.76499547205e-310
84.4610662898	80.0	6.76499547205e-310
204.337547168	80.0	0.0
39.9015485897	80.0	9.3107110138e-07
70.4814662941	80.0	9.7890644371e-67
143.087066463	80.0	4.3138055626e-31
18.9313472075	80.0	6.27588294616e-16
126.331895322	80.0	6.76499547205e-310
101.881062944	80.0	6.76499547205e-310
65.1358520135	80.0	8.53244535203e-20
52.9016484011	80.0	2.78818666906e-10
109.596295488	80.0	6.76499547205e-310
81.2788965806	80.0	6.76499547205e-310
97.1994858658	80.0	6.76499547205e-310
75.3139279118	80.0	5.52596711098e-152
201.398524003	80.0	7.06424297289e-06
35.3029884523	80.0	2.98358308195e-22
27.6134085655	80.0	0.000790845760507
75.3001752431	80.0	2.93163063638e-156
124.125637846	80.0	6.76499547205e-310
140.055516311	80.0	1.05437671137e-42
84.2407055118	80.0	6.76499547205e-310
204.538340633	80.0	0.0
77.1094899055	80.0	6.76499547205e-310
147.265500915	80.0	1.29387905473e-83
129.148419864	80.0	6.76499547205e-310
168.423947529	80.0	1.18466951228e-45
201.460877635	80.0	0.000168718345224
186.322671615	80.0	1.27481548102e-48
159.114858272	80.0	5.53787782863e-79
142.591041573	80.0	6.05526137032e-39
72.6401495991	80.0	2.14998608292e-75
34.3303575971	80.0	9.42200056967e-23
16.9463814308	80.0	9.63817928572e-10
54.8116334379	80.0	2.50555076396e-12
90.1251077041	80.0	6.76499547205e-310
111.095269004	80.0	6.76499547205e-310
160.72568589	80.0	1.76774779999e-69
197.625789931	80.0	1.61258094064e-06
28.1794357548	80.0	1.44745614481e-06
27.3301218662	80.0	6.39290597381e-05
125.343228657	80.0	6.76499547205e-310
151.98895361	80.0	2.50987183276e-43
177.288006139	80.0	1.29855949593e-51
192.670597643	80.0	2.99852287146e-07
198.73929536	80.0	5.23152018866e-05
83.7116595181	80.0	6.76499547205e-310
78.8433273786	80.0	6.76499547205e-310
36.5681568498	80.0	7.93917553956e-15
143.257475259	80.0	1.55340395302e-34
136.798044777	80.0	7.36709512236e-62
177.522449847	80.0	2.9935408655e-40
26.0652742791	80.0	0.07995342592
104.485540174	80.0	6.76499547205e-310
122.550147104	80.0	6.76499547205e-310
54.1545654732	80.0	3.0174740557e-12
41.2172780859	80.0	0.00012003160245
177.583764957	80.0	1.40775029702e-40
15.8871715503	80.0	2.17292721429e-10
95.6017636656	80.0	6.76499547205e-310
31.1768603272	80.0	3.45136636078e-17
94.4181550811	80.0	6.76499547205e-310
202.905329551	80.0	0.0
92.3723395464	80.0	6.76499547205e-310
176.229218197	80.0	9.99850457419e-46
30.6535048527	80.0	5.45387913362e-11
58.039619972	80.0	1.35041412097e-12
84.0722519688	80.0	6.76499547205e-310
86.1573798731	80.0	6.76499547205e-310
143.275157699	80.0	7.30764185604e-36
74.4724856463	80.0	1.85232700686e-206
146.351661586	80.0	6.43989640448e-64
136.977940958	80.0	3.7674725869e-187
87.1733900653	80.0	6.76499547205e-310
88.340736046	80.0	6.76499547205e-310
126.980620944	80.0	6.76499547205e-310
21.1661788649	80.0	7.47313221615e-14
170.970797053	80.0	1.64136154009e-55
135.500884698	80.0	1.51565357226e-59
154.915678617	80.0	2.66679264627e-62
114.068490337	80.0	6.76499547205e-310
27.4005582947	80.0	3.13445497087e-05
90.5003055508	80.0	6.76499547205e-310
89.1147746625	80.0	6.76499547205e-310
68.6241304327	80.0	1.79416762669e-60
12.5278596618	80.0	2.10292856626e-06
154.489071155	80.0	1.41424724366e-57
24.1234913824	80.0	0.000128194793265
129.889155886	80.0	6.76499547205e-310
149.279585345	80.0	9.32033512646e-63
131.930556429	80.0	6.94670457078e-255
197.478085457	80.0	9.67519570844e-07
29.3585969591	80.0	0.0137373724088
178.555915931	80.0	7.56906255667e-38
10.8828411911	80.0	9.05478383158e-06
114.853732065	80.0	6.76499547205e-310
87.3428372273	80.0	6.76499547205e-310
110.054283029	80.0	6.76499547205e-310
78.3846817763	80.0	6.76499547205e-310
46.0266413293	80.0	3.9248849926e-07
9.53915416353	80.0	6.88499596864e-12
110.481137146	80.0	6.76499547205e-310
175.443522617	80.0	2.96708322383e-58
80.7031330089	80.0	6.76499547205e-310
50.5141756136	80.0	0.000789817588491
21.0791026154	80.0	6.86370936417e-17
23.6875554876	80.0	9.53906703338e-10
48.3805040555	80.0	0.000374592967213
28.059794494	80.0	0.25790829185
55.6505560626	80.0	2.18281659119e-13
19.0042488388	80.0	1.4847046637e-14
19.5962090414	80.0	4.62970780756e-14
177.763151286	80.0	2.68225375562e-53
37.0508850617	80.0	4.19601644095e-07
115.643455028	80.0	6.76499547205e-310
159.576179721	80.0	3.57922173814e-65
101.036773685	80.0	6.76499547205e-310
38.1289818021	80.0	4.80216619993e-13
45.8433557043	80.0	5.04612914297e-06
