61.0705216572	80.0	9.71001288087e-60
88.5936829548	80.0	0.0
156.335539463	80.0	1.14315836697e-134
200.565983422	80.0	0.0
127.365681682	80.0	0.0
73.8941654162	80.0	0.0
25.8083667472	80.0	1.11246089057e-12
164.413286869	80.0	9.58969079742e-145
23.8646439191	80.0	4.1607588963e-28
94.8982406874	80.0	0.0
130.714696543	80.0	0.0
201.763292813	80.0	0.0
35.4179536106	80.0	1.07477614821e-07
103.217224045	80.0	0.0
16.9555167427	80.0	4.79627312674e-33
87.6935603123	80.0	0.0
147.697966266	80.0	0.0
73.7652880592	80.0	0.0
64.6728807379	80.0	5.48999238524e-91
42.8293380209	80.0	6.5146979503e-28
131.564884904	80.0	0.0
161.303351855	80.0	6.80532800569e-135
158.288351957	80.0	1.65870171878e-157
212.302431387	80.0	0.0
25.9692335821	80.0	2.57705419318e-44
151.923087819	80.0	7.13637790908e-162
139.544708623	80.0	0.0
135.05676112	80.0	0.0
214.190492495	80.0	0.0
29.6815890979	80.0	8.27942462727e-30
159.609189404	80.0	1.15649172581e-138
182.553724417	80.0	1.94399482991e-134
122.195577428	80.0	0.0
81.4333285387	80.0	0.0
181.008354877	80.0	3.01610642801e-113
40.0563703018	80.0	4.38846610974e-22
111.900914468	80.0	0.0
120.431295315	80.0	0.0
157.476966711	80.0	1.15486309327e-153
32.6016383671	80.0	8.68119925048e-21
66.3382426177	80.0	2.79571390977e-120
97.649483926	80.0	0.0
149.748182583	80.0	1.09231209849e-313
195.851357407	80.0	6.53339994456e-52
140.742400337	80.0	0.0
46.7988696761	80.0	2.59971262332e-26
218.045821275	80.0	0.0
193.963935456	80.0	3.60674083116e-74
120.695836369	80.0	0.0
204.421038139	80.0	0.0
130.4774122	80.0	0.0
203.611510619	80.0	0.0
186.352902557	80.0	1.72444252687e-124
205.223460421	80.0	0.0
201.533836036	80.0	0.0
25.2645775364	80.0	1.47177829232e-08
52.9384635529	80.0	1.64427008692e-52
98.1792363743	80.0	0.0
213.345900689	80.0	0.0
77.3158277188	80.0	0.0
50.5170383238	80.0	5.74755438104e-15
199.025503132	80.0	1.86040254785e-40
104.861471455	80.0	0.0
204.087879135	80.0	0.0
53.8633118986	80.0	7.93429929169e-22
147.563789884	80.0	3.07128337127e-155
110.395060106	80.0	0.0
36.6064499095	80.0	3.3076008435e-05
159.239006458	80.0	3.54192694702e-144
65.7228683947	80.0	1.073521528e-134
24.6658284127	80.0	5.12476740279e-09
41.4872557676	80.0	2.49648959039e-10
34.0201465657	80.0	2.77951715667e-37
195.279829805	80.0	2.50965996665e-14
164.051362867	80.0	1.05735277055e-145
199.462875546	80.0	1.09445659532e-23
151.239745134	80.0	1.1727421397e-109
126.677054077	80.0	0.0
79.8779122331	80.0	0.0
218.561321632	80.0	0.0
89.3611987397	80.0	0.0
114.342373981	80.0	0.0
101.499461267	80.0	0.0
216.091162706	80.0	0.0
54.1128935903	80.0	2.07806125075e-54
88.2029275053	80.0	0.0
152.724009639	80.0	6.92780020553e-146
27.6892426943	80.0	5.61764718977e-29
145.436162044	80.0	0.0
112.918093296	80.0	0.0
76.6593123461	80.0	0.0
67.8457552161	80.0	6.05437681047e-142
123.830596904	80.0	0.0
95.7011023487	80.0	0.0
110.238422308	80.0	0.0
90.0547064341	80.0	0.0
216.417974641	80.0	0.0
51.3739949872	80.0	6.90509837354e-28
43.9934030452	80.0	4.91644887948e-19
87.1273940806	80.0	0.0
139.959126727	80.0	0.0
150.299952716	80.0	1.61154454959e-128
99.097735668	80.0	0.0
218.950492228	80.0	0.0
93.9401356584	80.0	0.0
162.38362857	80.0	3.58596077441e-178
146.676863496	80.0	0.0
182.35132771	80.0	4.14187868715e-122
217.72530446	80.0	0.0
195.994373062	80.0	8.39670815252e-48
168.474807686	80.0	3.82163905192e-144
155.693297426	80.0	3.53315056087e-130
84.4967505348	80.0	0.0
48.1684421287	80.0	2.00416579294e-20
31.3562028359	80.0	1.42875603304e-43
72.7833632875	80.0	0.0
103.155073812	80.0	0.0
121.692875604	80.0	0.0
171.192320242	80.0	1.32226032598e-151
211.291373264	80.0	0.0
40.3711382578	80.0	1.16982481196e-29
38.4752489252	80.0	6.35043466417e-08
142.155308834	80.0	0.0
163.172756364	80.0	6.06678542623e-132
194.482843593	80.0	6.64389936646e-91
205.358368033	80.0	0.0
214.503614169	80.0	0.0
95.7609054878	80.0	0.0
90.6823426893	80.0	0.0
51.1143290584	80.0	5.5253909002e-32
158.875263668	80.0	1.27601095756e-155
147.85126861	80.0	4.76816129811e-146
191.306486262	80.0	1.85475034731e-73
45.5321760764	80.0	0.000226389415232
119.661514477	80.0	0.0
137.377842986	80.0	0.0
68.7352149052	80.0	5.4539381678e-128
53.3526472944	80.0	2.77429287723e-53
193.556262942	80.0	1.13119658138e-87
29.2841454737	80.0	5.96226615291e-35
105.850079928	80.0	0.0
44.6562711848	80.0	5.4243897651e-22
111.198661636	80.0	0.0
223.420746094	80.0	0.0
106.022844892	80.0	0.0
187.794644155	80.0	1.1244361306e-81
47.4240478985	80.0	2.8464605398e-34
75.6137000936	80.0	0.0
99.6884191139	80.0	0.0
103.113509656	80.0	0.0
158.009761471	80.0	1.42272358046e-153
91.6532181292	80.0	0.0
158.566334819	80.0	1.73926373105e-171
150.27493478	80.0	5.5319843141e-261
100.414697869	80.0	0.0
97.4315884247	80.0	0.0
140.23129408	80.0	0.0
40.175534004	80.0	0.788399985323
180.644856819	80.0	9.44042541943e-136
148.477705962	80.0	2.44609736847e-135
171.294611467	80.0	9.73070749305e-176
129.318376019	80.0	0.0
38.0841836546	80.0	7.87816949339e-15
102.878571156	80.0	0.0
101.196522591	80.0	0.0
86.7239613894	80.0	0.0
24.7138197389	80.0	0.144321539584
164.863688676	80.0	5.5156204898e-159
35.0743691062	80.0	1.11646747516e-06
141.625161865	80.0	0.0
162.559079826	80.0	4.39620635655e-147
145.49583945	80.0	0.0
209.134916412	80.0	0.0
43.4966225293	80.0	2.51154768e-19
190.809842594	80.0	5.65400079557e-84
28.1082913148	80.0	9.46935146036e-06
125.251992472	80.0	0.0
101.442609317	80.0	0.0
124.332032915	80.0	0.0
89.1777211069	80.0	0.0
65.2848890902	80.0	9.61158878365e-81
27.3302605012	80.0	0.0194427961977
126.489721458	80.0	0.0
190.873043325	80.0	2.42963658673e-89
97.0866914018	80.0	0.0
62.0183650744	80.0	2.06891271653e-66
35.8233587227	80.0	9.51566158608e-13
40.0108559726	80.0	0.0475654365764
61.8979996942	80.0	4.0092707e-82
41.1128725021	80.0	5.94195822535e-18
69.9449836953	80.0	7.64771358911e-244
29.8346084039	80.0	9.25503461105e-40
33.5317550309	80.0	1.81740552149e-33
192.698598144	80.0	1.42270655719e-95
49.4209755892	80.0	1.79538642411e-16
131.398805846	80.0	0.0
173.470024413	80.0	9.17537314567e-137
116.795995956	80.0	0.0
48.5509020508	80.0	4.83637271076e-17
60.3516834667	80.0	1.75455300629e-59
