88.442720794	80.0	0.0
118.634828193	80.0	0.0
180.291299828	80.0	0.0
223.984546623	80.0	0.0
153.73001961	80.0	0.0
95.1320352431	80.0	0.0
51.6885569843	80.0	1.26290314219e-53
189.506573055	80.0	0.0
52.6720345618	80.0	2.94953664245e-63
123.761160734	80.0	0.0
156.241549553	80.0	0.0
227.442102414	80.0	0.0
60.2434939228	80.0	4.79556533398e-11
130.194379451	80.0	0.0
50.4798606365	80.0	2.75017794761e-92
109.635156263	80.0	0.0
179.293480841	80.0	0.0
104.498128439	80.0	0.0
91.0466386614	80.0	0.0
61.0022473315	80.0	1.32078421039e-40
159.101851238	80.0	0.0
192.23661356	80.0	0.0
186.224002075	80.0	0.0
228.226779537	80.0	0.0
53.245482436	80.0	4.71730604415e-65
175.345998768	80.0	0.0
163.300408913	80.0	0.0
164.57228939	80.0	0.0
238.925573801	80.0	0.0
53.3990831532	80.0	3.92277673936e-52
188.258367801	80.0	0.0
209.811746404	80.0	0.0
155.083532913	80.0	0.0
105.227791152	80.0	0.0
209.626725868	80.0	0.0
62.6317086586	80.0	1.80529146038e-22
145.34453118	80.0	0.0
145.624774451	80.0	0.0
180.500860674	80.0	0.0
61.8138111545	80.0	1.29046767582e-29
90.2874493994	80.0	0.0
123.977461645	80.0	0.0
174.811487328	80.0	0.0
216.893584839	80.0	0.0
168.793672975	80.0	0.0
68.6816259236	80.0	9.49025358135e-94
238.277257184	80.0	0.0
223.565431512	80.0	0.0
147.348424559	80.0	0.0
228.444458671	80.0	0.0
159.587337094	80.0	0.0
228.636064521	80.0	0.0
206.830318631	80.0	0.0
225.824206242	80.0	0.0
228.663090916	80.0	0.0
52.4932208017	80.0	2.14082653654e-44
77.9337238216	80.0	0.0
119.050223278	80.0	0.0
235.033027404	80.0	0.0
97.800034271	80.0	0.0
75.8967259837	80.0	4.00122721253e-270
224.583524793	80.0	0.0
137.234684199	80.0	0.0
228.825900239	80.0	0.0
75.9397470017	80.0	2.29076221238e-278
179.254027517	80.0	0.0
137.735845058	80.0	0.0
63.0314612777	80.0	1.74592973736e-05
178.224749247	80.0	0.0
86.8788382104	80.0	0.0
47.3339429338	80.0	2.8960762519e-69
67.1492769407	80.0	4.6297724022e-26
54.2340445405	80.0	3.51647964456e-63
221.593866326	80.0	0.0
193.716458343	80.0	1.82254746086e-311
224.675616744	80.0	0.0
179.596051577	80.0	0.0
149.645185035	80.0	0.0
106.168302785	80.0	0.0
249.779674047	80.0	0.0
113.919481441	80.0	0.0
144.613299626	80.0	0.0
132.274783138	80.0	0.0
249.375611767	80.0	0.0
80.9025212856	80.0	0.0
111.872384965	80.0	0.0
178.766035812	80.0	0.0
48.8212615883	80.0	7.12615711649e-82
174.211486337	80.0	0.0
139.704742663	80.0	0.0
101.907957877	80.0	0.0
96.2986105599	80.0	0.0
148.658463274	80.0	0.0
120.50455489	80.0	0.0
134.191003189	80.0	0.0
119.247848235	80.0	0.0
247.600706808	80.0	0.0
77.2169947842	80.0	2.31164644931e-246
73.8504667528	80.0	1.95758778861e-185
110.50878047	80.0	0.0
170.551651427	80.0	0.0
175.932005003	80.0	0.0
129.166410935	80.0	0.0
241.406151034	80.0	0.0
120.28079693	80.0	0.0
190.846594604	80.0	0.0
175.271680622	80.0	0.0
213.275540907	80.0	0.0
248.41923074	80.0	0.0
218.437819993	80.0	0.0
186.407566273	80.0	0.0
185.617221236	80.0	0.0
109.72717395	80.0	0.0
79.7600294524	80.0	1.3606307481e-308
64.9249190085	80.0	1.95255756153e-52
95.6190931841	80.0	0.0
125.835340449	80.0	0.0
148.974171097	80.0	0.0
190.958312752	80.0	2.34286319635e-312
232.861563246	80.0	0.0
63.6611460367	80.0	1.40926683431e-48
65.9407671339	80.0	4.53826449132e-16
161.414499451	80.0	0.0
191.608216969	80.0	3.7861527161e-287
219.681131056	80.0	0.0
229.493591797	80.0	0.0
244.544034712	80.0	0.0
116.81566081	80.0	0.0
112.813781077	80.0	0.0
67.9626796904	80.0	1.52682003904e-95
182.707520213	80.0	0.0
174.283820349	80.0	0.0
217.745652904	80.0	0.0
73.1338386254	80.0	3.18206841504e-128
138.460716596	80.0	0.0
162.972034489	80.0	0.0
96.5575808638	80.0	0.0
79.3200941247	80.0	0.0
212.920466914	80.0	0.0
51.1985135621	80.0	1.18644495363e-69
124.354909047	80.0	0.0
64.7873519377	80.0	1.58548370689e-50
134.948973482	80.0	0.0
246.240256719	80.0	0.0
132.454401051	80.0	0.0
217.393477439	80.0	0.0
80.4268628771	80.0	0.0
102.818853736	80.0	0.0
129.960014665	80.0	0.0
134.109442285	80.0	0.0
183.681161608	80.0	0.0
123.597679729	80.0	0.0
188.143569078	80.0	0.0
180.969138957	80.0	0.0
122.06504917	80.0	0.0
117.988772945	80.0	0.0
164.956428748	80.0	0.0
62.5350239877	80.0	0.895329092545
204.376057067	80.0	0.0
173.520030914	80.0	0.0
201.922256948	80.0	8.71845942067e-264
153.148988189	80.0	0.0
63.6769727245	80.0	1.25637198703e-16
128.448196064	80.0	0.0
130.410461138	80.0	0.0
105.394903603	80.0	0.0
50.8321508241	80.0	2.02405708838e-33
184.443561212	80.0	0.0
63.2121018994	80.0	3.71357314885e-07
170.782395097	80.0	0.0
179.865811394	80.0	0.0
165.413460987	80.0	0.0
228.524945665	80.0	0.0
75.8945431713	80.0	8.35292281797e-217
216.915678668	80.0	0.0
57.0778894136	80.0	1.24070034163e-30
151.580740131	80.0	0.0
128.357519493	80.0	0.0
149.119771116	80.0	0.0
113.657692618	80.0	0.0
91.9352123707	80.0	0.0
54.6148101127	80.0	4.68628917714e-33
151.835805746	80.0	0.0
221.484344616	80.0	0.0
128.287851353	80.0	0.0
91.0015977378	80.0	0.0
68.4856463556	80.0	3.87537099952e-20
62.6170059285	80.0	0.104653076752
87.8426161445	80.0	0.0
69.665089996	80.0	2.68211575293e-45
95.4829769447	80.0	0.0
54.7418533555	80.0	1.54495499934e-73
51.4454139512	80.0	8.03993593822e-51
220.744495453	80.0	0.0
77.0296491499	80.0	3.8627097916e-198
160.06762136	80.0	0.0
200.492492394	80.0	5.45293285557e-220
144.928779445	80.0	0.0
69.8290052883	80.0	2.37607526281e-77
88.7605520871	80.0	0.0
