212.962963864	80.0	0.0
241.690666438	80.0	0.0
309.545930638	80.0	0.0
343.552237115	80.0	0.0
280.382534948	80.0	0.0
217.611758804	80.0	0.0
195.293764483	80.0	1.59456127906e-278
320.209268862	80.0	0.0
172.629387371	80.0	0.0
243.577048031	80.0	0.0
275.63697396	80.0	0.0
345.255408748	80.0	0.0
184.342194772	80.0	0.0
260.683451441	80.0	0.0
165.488966085	80.0	0.0
221.954642544	80.0	0.0
301.650550738	80.0	0.0
231.054989377	80.0	0.0
214.715889585	80.0	0.0
184.884914319	80.0	0.0
269.261268595	80.0	0.0
306.915762405	80.0	0.0
303.735589365	80.0	0.0
329.248667302	80.0	0.0
178.446670855	80.0	0.0
320.786173144	80.0	0.0
278.766485063	80.0	0.0
274.008159215	80.0	0.0
362.760979468	80.0	0.0
160.479569171	80.0	0.0
311.467571868	80.0	0.0
330.13718899	80.0	0.0
270.042895424	80.0	0.0
225.540452529	80.0	0.0
325.798553218	80.0	0.0
182.726036746	80.0	0.0
261.093086656	80.0	0.0
247.230636754	80.0	0.0
290.261597517	80.0	0.0
182.015396322	80.0	1.0
210.394510052	80.0	0.0
243.113147022	80.0	0.0
312.869908363	80.0	0.0
334.543241722	80.0	0.0
295.729754197	80.0	0.0
199.646695333	80.0	0.0
360.298169949	80.0	0.0
340.11965482	80.0	0.0
276.142650616	80.0	0.0
326.350892057	80.0	0.0
285.777675602	80.0	0.0
352.508343561	80.0	0.0
329.945419247	80.0	0.0
344.054637648	80.0	0.0
346.764081186	80.0	0.0
189.834098552	80.0	8.245000842e-290
186.761243562	80.0	0.0
251.310731037	80.0	0.0
341.25258392	80.0	0.0
233.407107039	80.0	0.0
211.118180642	80.0	0.0
345.286508118	80.0	0.0
256.360779011	80.0	0.0
342.405949033	80.0	0.0
199.715293245	80.0	0.0
309.695759297	80.0	0.0
248.299640147	80.0	0.0
190.255884335	80.0	2.92509058457e-62
294.177885373	80.0	0.0
219.249438832	80.0	0.0
167.698078557	80.0	0.0
185.405893494	80.0	0.0
182.420810978	80.0	0.0
344.614271494	80.0	0.0
307.698661356	80.0	0.0
351.056797038	80.0	0.0
296.09949093	80.0	0.0
258.12022684	80.0	0.0
234.415004163	80.0	0.0
366.391840713	80.0	0.0
233.522575467	80.0	0.0
267.203881913	80.0	0.0
258.628181469	80.0	0.0
377.006549024	80.0	0.0
208.213569876	80.0	0.0
231.321881461	80.0	0.0
279.528720727	80.0	0.0
167.725240671	80.0	0.0
294.723978893	80.0	0.0
266.30864473	80.0	0.0
222.31217073	80.0	0.0
221.489698008	80.0	0.0
265.589117645	80.0	0.0
244.835497708	80.0	0.0
253.321574485	80.0	0.0
250.430570833	80.0	0.0
362.568123436	80.0	0.0
207.837108937	80.0	0.0
197.081643143	80.0	0.0
232.739232338	80.0	0.0
288.142441398	80.0	0.0
300.300281961	80.0	0.0
257.486933688	80.0	0.0
359.756597467	80.0	0.0
249.419676668	80.0	0.0
322.946394798	80.0	0.0
300.694585151	80.0	0.0
340.016150636	80.0	0.0
364.30485485	80.0	0.0
338.24925795	80.0	0.0
308.06601047	80.0	0.0
308.148704135	80.0	0.0
221.700052221	80.0	0.0
196.640988451	80.0	0.0
178.431935908	80.0	3.91688762431e-256
215.547351254	80.0	0.0
255.71290035	80.0	0.0
274.176850291	80.0	0.0
319.709959362	80.0	0.0
356.57389403	80.0	0.0
193.596875696	80.0	7.77835604757e-300
182.068129584	80.0	0.0
279.142537381	80.0	0.0
308.503671417	80.0	0.0
350.935200309	80.0	0.0
349.219204504	80.0	0.0
369.007331995	80.0	0.0
244.326296099	80.0	0.0
219.008995703	80.0	0.0
197.389892492	80.0	0.0
308.743725517	80.0	0.0
301.402934692	80.0	0.0
335.863823093	80.0	0.0
191.516408233	80.0	0.0
268.642720783	80.0	0.0
293.701269191	80.0	0.0
223.731536201	80.0	0.0
194.693037397	80.0	0.0
339.556870656	80.0	0.0
182.114393792	80.0	0.0
245.101936622	80.0	0.0
203.851274711	80.0	0.0
257.32505948	80.0	0.0
379.638760425	80.0	0.0
258.045905156	80.0	0.0
334.802679786	80.0	0.0
205.643762369	80.0	0.0
220.825698162	80.0	0.0
256.414707656	80.0	0.0
257.183322537	80.0	0.0
306.788479726	80.0	0.0
248.170726688	80.0	0.0
313.958327315	80.0	0.0
311.730590998	80.0	0.0
244.730253761	80.0	0.0
239.617805034	80.0	0.0
294.581698369	80.0	0.0
178.457972549	80.0	0.0
323.612608529	80.0	0.0
294.298816814	80.0	0.0
321.258125928	80.0	0.0
279.846918904	80.0	0.0
185.402678614	80.0	0.0
264.540089821	80.0	0.0
247.800566673	80.0	0.0
220.344467419	80.0	0.0
173.763732316	80.0	0.0
303.284398052	80.0	0.0
182.54827652	80.0	0.0
293.957078609	80.0	0.0
298.842524329	80.0	0.0
293.256621923	80.0	0.0
351.585243835	80.0	0.0
199.68449875	80.0	0.0
357.516370443	80.0	0.0
190.503510831	80.0	0.0
275.741342088	80.0	0.0
249.917596001	80.0	0.0
279.267159254	80.0	0.0
229.635933261	80.0	0.0
207.050602937	80.0	0.0
183.344610481	80.0	0.0
278.056540353	80.0	0.0
354.65644526	80.0	0.0
247.972318457	80.0	0.0
187.232011352	80.0	0.0
188.782778665	80.0	0.0
172.749797955	80.0	0.0
198.969026325	80.0	0.0
188.298704164	80.0	0.0
216.491091759	80.0	0.0
185.494140939	80.0	0.0
187.2258329	80.0	0.0
339.255472134	80.0	0.0
195.919787272	80.0	0.0
282.025840466	80.0	0.0
314.315975192	80.0	0.0
262.655275786	80.0	0.0
175.574831282	80.0	0.0
205.29384752	80.0	0.0
