191.045030984	80.0	0.0
224.090511832	80.0	0.0
284.323291793	80.0	0.0
324.251843575	80.0	0.0
259.502757444	80.0	0.0
194.890208365	80.0	0.0
168.464403839	80.0	3.70269034466e-236
299.685140759	80.0	0.0
152.886889687	80.0	0.0
221.366730894	80.0	0.0
250.882694185	80.0	0.0
321.624482017	80.0	0.0
159.538682902	80.0	0.0
239.204478261	80.0	0.0
140.965391725	80.0	0.0
200.827390502	80.0	0.0
281.069572757	80.0	0.0
206.721962615	80.0	0.0
192.526149543	80.0	0.0
159.209127682	80.0	0.0
243.867949964	80.0	0.0
284.480231197	80.0	0.0
279.400319162	80.0	0.0
312.473320747	80.0	0.0
157.847111547	80.0	0.0
296.185799802	80.0	0.0
254.292933883	80.0	0.0
257.82327647	80.0	0.0
340.841232084	80.0	0.0
138.935582854	80.0	0.0
284.699465846	80.0	0.0
311.520733955	80.0	0.0
248.026385574	80.0	0.0
203.427303999	80.0	0.0
299.603484621	80.0	0.0
160.868861846	80.0	0.0
235.104926564	80.0	0.0
229.393315503	80.0	0.0
271.220902942	80.0	0.0
162.365429447	80.0	1.0
192.918077431	80.0	0.0
223.165592495	80.0	0.0
292.006579549	80.0	0.0
313.679769537	80.0	0.0
276.188549433	80.0	0.0
173.253763577	80.0	0.0
339.034458602	80.0	0.0
315.527876526	80.0	0.0
256.20982922	80.0	0.0
310.424148111	80.0	0.0
266.495330916	80.0	0.0
328.535724024	80.0	0.0
303.313271948	80.0	0.0
320.683300176	80.0	0.0
324.51014939	80.0	0.0
169.381470492	80.0	3.53422395377e-251
168.242950646	80.0	0.0
225.609298527	80.0	0.0
323.923824895	80.0	0.0
211.083032045	80.0	0.0
187.919367418	80.0	0.0
321.454670447	80.0	0.0
232.569013982	80.0	0.0
318.472963161	80.0	0.0
174.9215558	80.0	0.0
284.913437565	80.0	0.0
234.993294124	80.0	0.0
159.149665155	80.0	5.04594523501e-25
274.428930847	80.0	0.0
201.730270015	80.0	0.0
147.152161813	80.0	0.0
163.532651689	80.0	0.0
156.33187863	80.0	0.0
316.827149534	80.0	0.0
287.678339305	80.0	0.0
326.43538679	80.0	0.0
272.763827083	80.0	0.0
239.360499026	80.0	0.0
208.789129311	80.0	0.0
344.879756042	80.0	0.0
213.450213534	80.0	0.0
240.471759818	80.0	0.0
236.845527278	80.0	0.0
358.969277965	80.0	0.0
181.77646257	80.0	0.0
212.222071487	80.0	0.0
260.32242701	80.0	0.0
146.61804677	80.0	0.0
269.636490667	80.0	0.0
241.885319697	80.0	0.0
198.624322999	80.0	0.0
202.123782973	80.0	0.0
240.108256293	80.0	0.0
223.647088059	80.0	0.0
232.283913812	80.0	0.0
224.040437461	80.0	0.0
343.932502116	80.0	0.0
183.827223309	80.0	0.0
172.472283595	80.0	0.0
214.703916384	80.0	0.0
265.921537947	80.0	0.0
278.599048051	80.0	0.0
234.394573425	80.0	0.0
341.97658081	80.0	0.0
226.027861346	80.0	0.0
293.500889621	80.0	0.0
281.879538194	80.0	0.0
312.282424315	80.0	0.0
341.462646467	80.0	0.0
318.146061564	80.0	0.0
289.670247366	80.0	0.0
290.21456803	80.0	0.0
203.168228235	80.0	0.0
176.232278385	80.0	0.0
155.514212784	80.0	6.49772104196e-238
191.983727486	80.0	0.0
239.401182017	80.0	0.0
252.661777441	80.0	0.0
291.155960715	80.0	0.0
332.289283089	80.0	0.0
169.910176082	80.0	3.35687831587e-260
163.793055879	80.0	0.0
258.270559342	80.0	0.0
288.816342955	80.0	0.0
326.689174239	80.0	0.0
323.428410278	80.0	0.0
348.461735207	80.0	0.0
221.901177043	80.0	0.0
199.278363704	80.0	0.0
170.771000565	80.0	0.0
284.328234916	80.0	0.0
276.641001096	80.0	0.0
314.201046981	80.0	0.0
169.964494646	80.0	0.0
246.430005608	80.0	0.0
270.547540625	80.0	0.0
199.680363479	80.0	0.0
173.522017526	80.0	0.0
319.428199454	80.0	0.0
156.153700363	80.0	0.0
224.793262314	80.0	0.0
178.017388899	80.0	0.0
235.85846283	80.0	0.0
353.224511165	80.0	0.0
235.521641133	80.0	0.0
319.632752495	80.0	0.0
180.153744543	80.0	0.0
202.615644164	80.0	0.0
234.591587988	80.0	0.0
234.691962136	80.0	0.0
283.358055699	80.0	0.0
222.216416287	80.0	0.0
290.01314283	80.0	0.0
290.691493652	80.0	0.0
222.265805655	80.0	0.0
215.784158793	80.0	0.0
267.792311467	80.0	0.0
152.78380781	80.0	0.0
306.276538497	80.0	0.0
271.266877331	80.0	0.0
297.423236035	80.0	0.0
251.871365966	80.0	0.0
161.756489385	80.0	0.0
236.242769371	80.0	0.0
223.127275042	80.0	0.0
196.242439984	80.0	0.0
145.206600227	80.0	0.0
281.785620262	80.0	0.0
162.561759816	80.0	0.0
272.428597289	80.0	0.0
277.365704068	80.0	0.0
268.342581485	80.0	0.0
321.628824996	80.0	0.0
181.090103975	80.0	0.0
327.684343469	80.0	0.0
170.309637765	80.0	0.0
253.503937213	80.0	0.0
227.351360663	80.0	0.0
256.320430176	80.0	0.0
206.007451452	80.0	0.0
184.630932397	80.0	0.0
158.384942121	80.0	0.0
253.857140044	80.0	0.0
328.261430694	80.0	0.0
222.27415795	80.0	0.0
170.007577297	80.0	0.0
165.56285236	80.0	0.0
155.127664544	80.0	0.0
180.592942815	80.0	0.0
166.726992448	80.0	0.0
193.693965511	80.0	0.0
162.277892228	80.0	0.0
168.113622308	80.0	0.0
327.909502503	80.0	0.0
174.08128873	80.0	0.0
257.579533623	80.0	0.0
288.322687446	80.0	0.0
244.729836944	80.0	0.0
153.725198956	80.0	0.0
186.938889864	80.0	0.0
