204.444319331	80.0	0.0
234.601703962	80.0	0.0
300.213654942	80.0	0.0
339.544413805	80.0	0.0
272.897054112	80.0	0.0
211.3558785	80.0	0.0
186.559448838	80.0	6.46549641606e-256
311.489162811	80.0	0.0
164.797191491	80.0	0.0
234.831610646	80.0	0.0
266.866677239	80.0	0.0
339.866441432	80.0	0.0
174.084637772	80.0	0.0
253.001777006	80.0	0.0
154.566605313	80.0	0.0
213.220400695	80.0	0.0
291.545866545	80.0	0.0
226.043241469	80.0	0.0
205.606825477	80.0	0.0
174.25957557	80.0	0.0
262.281136242	80.0	0.0
301.363682601	80.0	0.0
294.703495328	80.0	0.0
324.069398523	80.0	0.0
171.598781782	80.0	0.0
309.979214256	80.0	0.0
270.174612407	80.0	0.0
266.870536747	80.0	0.0
356.918159008	80.0	0.0
152.262876112	80.0	0.0
303.856238404	80.0	0.0
322.918042859	80.0	0.0
263.330692031	80.0	0.0
218.74948958	80.0	0.0
316.826225653	80.0	0.0
174.719101203	80.0	0.0
250.310904813	80.0	0.0
241.126012183	80.0	0.0
285.142614477	80.0	0.0
175.696533167	80.0	1.0
203.262312642	80.0	0.0
233.975864146	80.0	0.0
308.202548287	80.0	0.0
327.688116583	80.0	0.0
287.966441036	80.0	0.0
192.928850004	80.0	0.0
350.789887431	80.0	0.0
331.067838631	80.0	0.0
265.039024379	80.0	0.0
320.694791322	80.0	0.0
276.707069492	80.0	0.0
347.179625116	80.0	0.0
320.227959991	80.0	0.0
338.303698272	80.0	0.0
339.600453532	80.0	0.0
183.272959818	80.0	4.79334784567e-259
182.007471162	80.0	0.0
241.982237375	80.0	0.0
332.856373569	80.0	0.0
225.64115848	80.0	0.0
201.717369634	80.0	0.0
337.884586112	80.0	0.0
249.024175907	80.0	0.0
332.574160143	80.0	0.0
189.729057633	80.0	0.0
299.690121813	80.0	0.0
242.297236783	80.0	0.0
181.830940905	80.0	7.96578014847e-31
288.21636116	80.0	0.0
212.741723003	80.0	0.0
159.632315126	80.0	0.0
179.08405098	80.0	0.0
171.210272408	80.0	0.0
336.028982242	80.0	0.0
300.195450583	80.0	0.0
341.4599194	80.0	0.0
288.984740353	80.0	0.0
246.83583612	80.0	0.0
224.776243845	80.0	0.0
360.190203984	80.0	0.0
228.442142594	80.0	0.0
258.534076979	80.0	0.0
252.534260394	80.0	0.0
368.990618818	80.0	0.0
200.658926022	80.0	0.0
222.154080962	80.0	0.0
269.443226749	80.0	0.0
160.532162072	80.0	0.0
289.330013768	80.0	0.0
256.778554331	80.0	0.0
213.682706749	80.0	0.0
213.359703993	80.0	0.0
255.48425467	80.0	0.0
239.010145309	80.0	0.0
244.697388955	80.0	0.0
241.059165062	80.0	0.0
355.129901315	80.0	0.0
200.360365146	80.0	0.0
186.710045802	80.0	0.0
226.304651979	80.0	0.0
278.490677708	80.0	0.0
294.314528102	80.0	0.0
248.706069478	80.0	0.0
353.282036011	80.0	0.0
240.600131303	80.0	0.0
312.772593557	80.0	0.0
289.832646177	80.0	0.0
330.275829488	80.0	0.0
356.346260015	80.0	0.0
330.317691864	80.0	0.0
301.167498056	80.0	0.0
299.449885382	80.0	0.0
217.569759671	80.0	0.0
191.491904434	80.0	0.0
169.699665139	80.0	3.05393025031e-252
206.018578842	80.0	0.0
252.390947105	80.0	0.0
267.769604894	80.0	0.0
310.370646501	80.0	0.0
346.762316075	80.0	0.0
185.150830274	80.0	7.41338585977e-269
178.173643614	80.0	0.0
273.471337938	80.0	0.0
299.469213146	80.0	0.0
343.187657407	80.0	0.0
341.115662158	80.0	0.0
362.580185098	80.0	0.0
238.405599433	80.0	0.0
210.678117047	80.0	0.0
189.203727029	80.0	0.0
301.249681964	80.0	0.0
290.913661785	80.0	0.0
328.69210714	80.0	0.0
182.48047316	80.0	0.0
259.871557455	80.0	0.0
284.58217675	80.0	0.0
214.637363628	80.0	0.0
186.129052709	80.0	0.0
331.881792416	80.0	0.0
173.13503163	80.0	0.0
237.727018125	80.0	0.0
195.887252485	80.0	0.0
249.380397405	80.0	0.0
369.414342086	80.0	0.0
249.123359854	80.0	0.0
326.69630874	80.0	0.0
200.734914515	80.0	0.0
214.570571473	80.0	0.0
250.909207544	80.0	0.0
249.697332713	80.0	0.0
300.708215791	80.0	0.0
238.856434669	80.0	0.0
306.939912606	80.0	0.0
306.13057039	80.0	0.0
234.540814987	80.0	0.0
234.262669051	80.0	0.0
284.50455994	80.0	0.0
168.896668678	80.0	0.0
315.18676659	80.0	0.0
285.150200737	80.0	0.0
315.550896168	80.0	0.0
269.307925988	80.0	0.0
178.369592021	80.0	0.0
257.78967489	80.0	0.0
237.544371274	80.0	0.0
212.421052104	80.0	0.0
162.795862713	80.0	0.0
295.424650856	80.0	0.0
176.761437193	80.0	0.0
286.546065314	80.0	0.0
291.076336925	80.0	0.0
282.612902523	80.0	0.0
338.830976211	80.0	0.0
194.216529078	80.0	0.0
347.70085118	80.0	0.0
184.0426946	80.0	0.0
267.808309959	80.0	0.0
241.948927686	80.0	0.0
272.728256827	80.0	0.0
222.158272457	80.0	0.0
199.257829037	80.0	0.0
173.769814831	80.0	0.0
269.674864089	80.0	0.0
345.958956561	80.0	0.0
236.176713047	80.0	0.0
181.63062326	80.0	0.0
178.945064354	80.0	0.0
165.538732727	80.0	0.0
193.605131126	80.0	0.0
182.020106768	80.0	0.0
209.472781798	80.0	0.0
177.801402041	80.0	0.0
178.474307814	80.0	0.0
335.014006687	80.0	0.0
189.313185853	80.0	0.0
273.193508139	80.0	0.0
305.604045532	80.0	0.0
257.114801246	80.0	0.0
169.495760748	80.0	0.0
198.30929281	80.0	0.0
