73.7411530091	80.0	0.0
102.675828703	80.0	0.0
169.049070624	80.0	4.69468319982e-243
212.812971203	80.0	0.0
140.196556616	80.0	0.0
84.1829699131	80.0	0.0
38.4830983038	80.0	1.58137155568e-30
177.065804389	80.0	4.92989229067e-247
40.829738936	80.0	3.06844970965e-45
110.637515866	80.0	0.0
144.21614597	80.0	0.0
216.834202065	80.0	0.0
48.6593550425	80.0	8.71576561853e-10
116.21678877	80.0	0.0
34.0484417185	80.0	2.35485139973e-68
101.417032688	80.0	0.0
166.279742084	80.0	0.0
89.2290478169	80.0	0.0
80.1997533996	80.0	0.0
53.0205756597	80.0	2.22710658426e-40
141.266959128	80.0	0.0
176.092796023	80.0	3.42940368136e-246
170.385799799	80.0	6.82730832218e-263
219.953128439	80.0	0.0
42.3194766547	80.0	2.7677897017e-56
163.156294212	80.0	6.92686422937e-252
151.34846145	80.0	0.0
148.987149011	80.0	0.0
225.199412867	80.0	0.0
43.2945899158	80.0	2.29436598883e-44
174.121376159	80.0	6.10084609587e-260
195.785025817	80.0	1.46528181053e-146
144.549667924	80.0	0.0
92.1730594782	80.0	0.0
194.94158857	80.0	1.06082006765e-128
51.0632481405	80.0	4.65193928635e-22
130.576663839	80.0	0.0
132.588580148	80.0	0.0
169.704471912	80.0	6.21004433056e-262
48.3298819667	80.0	8.81422681527e-29
80.2158243958	80.0	0.0
110.031105111	80.0	0.0
165.500874652	80.0	0.0
205.966113179	80.0	0.0
158.154426823	80.0	0.0
61.593686878	80.0	1.2365551236e-66
225.484492213	80.0	0.0
211.296332566	80.0	0.0
136.279342338	80.0	0.0
217.393242092	80.0	0.0
147.088179628	80.0	0.0
214.862183568	80.0	0.0
197.788224119	80.0	4.68405542695e-137
213.789478559	80.0	0.0
216.374383742	80.0	0.0
37.6763841321	80.0	1.66251386055e-21
65.4806492172	80.0	3.12855134635e-106
107.897114309	80.0	0.0
223.699045895	80.0	0.0
88.7977849317	80.0	0.0
63.3514851015	80.0	1.30459425944e-63
210.963761441	80.0	0.0
119.213660233	80.0	0.0
217.495603928	80.0	0.0
66.832540135	80.0	1.1510542707e-99
162.386708269	80.0	6.12008062443e-281
124.588163774	80.0	0.0
51.5954987339	80.0	2.12329744071e-05
170.737619558	80.0	3.46211721778e-263
77.8028988669	80.0	0.0
38.7819239908	80.0	5.17769628712e-33
54.4615871126	80.0	5.04778072645e-15
45.0892347345	80.0	3.44314297114e-54
206.901425095	80.0	0.0
178.696602929	80.0	2.25190169297e-249
210.081369109	80.0	0.0
170.399309507	80.0	4.07778028481e-231
140.801211758	80.0	0.0
92.7152643237	80.0	0.0
235.651738865	80.0	0.0
100.518752507	80.0	0.0
132.845695881	80.0	0.0
119.597964414	80.0	0.0
233.462913492	80.0	0.0
71.9934107051	80.0	4.38808577975e-262
102.129536063	80.0	0.0
163.081689751	80.0	2.09976644572e-241
36.7059479665	80.0	4.99637562027e-44
161.597130237	80.0	0.0
129.739245284	80.0	0.0
90.8596336198	80.0	0.0
84.8728775666	80.0	0.0
135.232573385	80.0	0.0
106.341910381	80.0	0.0
123.450039335	80.0	0.0
106.677511994	80.0	0.0
233.572045038	80.0	0.0
65.329687408	80.0	3.60654971712e-86
58.0067187096	80.0	2.45253523944e-43
97.4369847087	80.0	0.0
155.220501959	80.0	0.0
166.276950556	80.0	3.73448707939e-245
120.975538535	80.0	0.0
230.07503017	80.0	0.0
109.466151104	80.0	0.0
177.774090558	80.0	4.26687458727e-275
163.412576453	80.0	0.0
199.431748874	80.0	3.01905787629e-139
231.685612511	80.0	0.0
206.288370568	80.0	0.0
179.954138105	80.0	1.37225719735e-251
172.720233618	80.0	1.22453274821e-247
100.624522068	80.0	0.0
63.5071652367	80.0	5.06727701838e-68
49.2790279704	80.0	1.19634220658e-52
83.5868232319	80.0	0.0
119.295593564	80.0	0.0
135.327747308	80.0	0.0
179.657595059	80.0	1.42055149397e-240
224.660736928	80.0	0.0
54.6487537423	80.0	1.26361715916e-37
53.2858231859	80.0	1.03865749088e-07
150.788210284	80.0	0.0
180.040649128	80.0	5.77246848768e-238
210.892742634	80.0	0.0
216.275909487	80.0	0.0
232.178142774	80.0	0.0
105.820968675	80.0	0.0
102.222611721	80.0	0.0
62.3244052442	80.0	2.53936646713e-72
170.768582589	80.0	1.46221675846e-272
159.45582523	80.0	3.13883627243e-275
205.573468184	80.0	0.0
61.1085222271	80.0	1.22804510453e-32
128.488710298	80.0	0.0
152.204907429	80.0	0.0
81.3657609559	80.0	0.0
71.4317898677	80.0	1.82703520789e-202
205.892345816	80.0	0.0
42.2133941785	80.0	3.7675311932e-51
116.062200168	80.0	0.0
55.3171867278	80.0	1.20623886005e-48
126.614876494	80.0	0.0
234.721631114	80.0	0.0
120.737667294	80.0	0.0
204.239696963	80.0	0.0
66.6580535673	80.0	5.82130980439e-88
87.5513475694	80.0	0.0
119.331031179	80.0	0.0
119.100405399	80.0	0.0
171.021230571	80.0	2.28246824876e-267
107.900094302	80.0	0.0
174.316790351	80.0	9.37789408237e-283
165.437773304	80.0	0.0
112.212215618	80.0	0.0
106.658745305	80.0	0.0
152.910982369	80.0	0.0
50.749572787	80.0	0.726524550519
193.212301715	80.0	6.83733347305e-150
161.144548057	80.0	2.36460173247e-250
185.455324416	80.0	1.48583974162e-239
143.986247075	80.0	0.0
51.6439977123	80.0	3.10050482633e-15
114.881925037	80.0	0.0
117.853478876	80.0	0.0
98.8970033712	80.0	0.0
37.9566194573	80.0	1.44465930027e-14
173.212923535	80.0	6.56521557851e-294
50.0832439315	80.0	1.29536785811e-06
158.433303671	80.0	0.0
171.174238668	80.0	3.64988860604e-281
156.79084415	80.0	0.0
220.638062147	80.0	0.0
63.4854689257	80.0	2.89884904668e-59
207.622423955	80.0	0.0
42.7084007146	80.0	1.05285063202e-18
139.252638806	80.0	0.0
114.063975587	80.0	0.0
138.397520245	80.0	0.0
98.6956773351	80.0	0.0
79.016972038	80.0	0.0
40.0325629083	80.0	6.25901518507e-18
137.354021474	80.0	0.0
205.803106433	80.0	0.0
116.516299746	80.0	0.0
75.2291947933	80.0	0.0
50.6186007161	80.0	1.07692193355e-12
52.734262502	80.0	0.273452816401
73.9286429844	80.0	0.0
57.4815533836	80.0	1.83304782256e-24
80.3870090402	80.0	0.0
43.4606909367	80.0	7.68448525522e-58
45.5288003215	80.0	1.37530282337e-46
211.057970669	80.0	0.0
63.5030907093	80.0	2.06954735956e-64
149.763472302	80.0	0.0
185.037362661	80.0	1.11996685245e-197
131.933554349	80.0	0.0
60.6815510559	80.0	2.60707540786e-54
75.9028572037	80.0	0.0
