43.8372893314	80.0	0.0361710366353
71.4178202767	80.0	1.89861292642e-32
134.689311789	80.0	0.000214270810117
179.028331208	80.0	0.000113376993766
110.103707008	80.0	1.38559418834e-138
58.7038587616	80.0	1.15285742168e-09
8.14337295712	80.0	5.60249837181e-07
145.009833914	80.0	6.88611168958e-06
3.30922595545	80.0	7.20571491689e-34
75.8577881826	80.0	1.38559418834e-138
109.405288703	80.0	1.38559418834e-138
184.058118536	80.0	0.0589416429949
19.9192431883	80.0	0.045180250094
81.840538971	80.0	1.38559418834e-138
6.10106655377	80.0	4.80701666447e-06
72.5334535498	80.0	2.98236358999e-33
126.401616342	80.0	1.38559418834e-138
58.0086593429	80.0	8.78266415656e-10
42.1684270754	80.0	0.0176171878644
24.4116020066	80.0	4.95810016753e-06
117.624606205	80.0	1.38559418834e-138
141.408758874	80.0	8.50999368516e-05
137.008314674	80.0	3.62261138567e-06
191.780832043	80.0	5.29728316424e-05
3.06764698716	80.0	9.92525073431e-44
131.893112691	80.0	1.7823777325e-28
120.248707009	80.0	1.38559418834e-138
119.784927716	80.0	1.38559418834e-138
195.321966376	80.0	0.0094280083675
5.96421449474	80.0	1.99102553862e-17
140.93262733	80.0	0.000112325642057
163.930103433	80.0	8.8148456775e-05
102.8431274	80.0	1.38559418834e-138
68.6619199078	80.0	2.52704329995e-35
161.301112525	80.0	2.11430209223e-10
19.496781025	80.0	0.056063145906
89.7472358163	80.0	1.38559418834e-138
104.850672459	80.0	1.38559418834e-138
141.576239708	80.0	0.000141851636543
19.6228367799	80.0	0.0429528458262
47.0812626494	80.0	0.00206259427414
83.8433629681	80.0	1.38559418834e-138
127.104327855	80.0	1.38559418834e-138
178.999767245	80.0	0.00017026294049
122.719090593	80.0	1.38559418834e-138
29.2356060784	80.0	6.95077850847e-05
198.555069515	80.0	0.00143695367808
176.137605923	80.0	3.13622931561e-05
101.460115608	80.0	1.38559418834e-138
186.82137647	80.0	0.0586858209153
110.655394285	80.0	1.38559418834e-138
186.191180695	80.0	0.0574908564014
167.76274225	80.0	1.64274153174e-08
194.727125556	80.0	0.0064240334325
185.777973064	80.0	0.0607390565159
7.65633414063	80.0	3.29721254611e-06
37.3717196532	80.0	0.000199702484892
78.8825669294	80.0	1.38559418834e-138
192.666642607	80.0	0.000191820620668
60.5998209789	80.0	7.50961418672e-21
33.5034711317	80.0	0.00458396139238
179.150443812	80.0	0.000183793337512
89.6181832848	80.0	1.38559418834e-138
183.690266744	80.0	2.74253768924e-06
33.6669457011	80.0	0.00384653381417
132.481146104	80.0	5.98859054881e-12
88.7495078118	80.0	1.38559418834e-138
17.9024738901	80.0	0.00187257559158
142.188184916	80.0	0.000111836015631
51.3478424681	80.0	1.38186100888e-15
10.3278663279	80.0	1.49290821216e-07
14.2127032132	80.0	3.06784289884e-10
14.5453303955	80.0	1.19225540478e-09
184.832575504	80.0	2.33097626901e-06
148.469785168	80.0	1.77580251503e-11
182.288932175	80.0	1.31843011929e-06
136.134453304	80.0	8.74026639274e-06
107.563726872	80.0	1.38559418834e-138
62.587023139	80.0	1.83718022356e-26
201.217303149	80.0	0.0287037723858
73.2116155961	80.0	1.38559418834e-138
96.313129042	80.0	1.38559418834e-138
79.3199780175	80.0	1.38559418834e-138
197.849252847	80.0	0.00180622086392
36.9302920363	80.0	0.000220982837795
66.9103011445	80.0	2.08618494039e-33
137.952258657	80.0	0.00036977864088
15.1076900938	80.0	1.30116063799e-08
123.079632362	80.0	1.38559418834e-138
97.0754965342	80.0	1.38559418834e-138
59.2032598926	80.0	9.02627770173e-10
48.764651415	80.0	1.51018872995e-08
105.155045287	80.0	1.38559418834e-138
76.4058379047	80.0	1.38559418834e-138
94.6639267942	80.0	1.38559418834e-138
69.4050943456	80.0	1.50812685701e-33
197.466335959	80.0	0.00384690196306
29.7222962356	80.0	6.85558750217e-05
20.3645779953	80.0	0.052964949447
69.4604072466	80.0	6.00814116051e-34
119.900416536	80.0	1.38559418834e-138
134.864229863	80.0	1.75340679984e-12
81.379062426	80.0	1.38559418834e-138
201.254941227	80.0	0.0366256090229
73.9308424187	80.0	1.38559418834e-138
146.56823808	80.0	2.93616319561e-11
127.19594463	80.0	1.38559418834e-138
164.927933276	80.0	0.000124192023915
197.765173305	80.0	0.0058975303007
180.184339944	80.0	0.000121684791167
155.362106972	80.0	4.23359492452e-10
141.582419955	80.0	0.000166502262149
67.7812380655	80.0	1.22414630207e-35
31.1664116381	80.0	0.0372168244615
13.5815848164	80.0	6.96670892823e-09
49.4475999295	80.0	8.03178215831e-11
87.1932278872	80.0	1.38559418834e-138
106.851743819	80.0	1.38559418834e-138
156.714606956	80.0	6.08138990094e-12
193.300019249	80.0	0.0017954004699
24.8147581492	80.0	7.56390732302e-07
23.3774049337	80.0	2.57998887731e-05
121.018139331	80.0	1.38559418834e-138
149.075399074	80.0	2.86692826344e-06
172.00695259	80.0	1.56912975784e-10
188.620704069	80.0	5.43161923835e-07
196.800662607	80.0	0.00118124879253
80.0146353617	80.0	1.38559418834e-138
77.1542532114	80.0	1.38559418834e-138
31.7812448952	80.0	0.0352941206101
139.379950671	80.0	0.000370211184332
132.413410115	80.0	9.54293590411e-12
175.429540162	80.0	1.082240847e-09
22.874582454	80.0	0.0561576366901
101.95146815	80.0	1.38559418834e-138
117.624983267	80.0	1.38559418834e-138
51.4358271925	80.0	2.09869429399e-10
36.5604769215	80.0	0.0184222320726
174.783574695	80.0	5.66360434037e-10
13.0505207721	80.0	3.74979607547e-11
93.2896262783	80.0	1.38559418834e-138
27.2835912817	80.0	4.28597526861e-06
91.8008738628	80.0	1.38559418834e-138
197.956697197	80.0	0.00151758146364
89.1220160423	80.0	1.38559418834e-138
173.755560257	80.0	8.90108148667e-11
26.4123593102	80.0	7.6092356371e-07
54.748018783	80.0	7.88709059656e-13
80.9808811787	80.0	1.38559418834e-138
81.4297252099	80.0	1.38559418834e-138
137.367445468	80.0	1.5562089414e-06
70.5973760275	80.0	3.79390281372e-35
143.958737361	80.0	4.78740154743e-07
130.035347135	80.0	1.38559418834e-138
82.9141642694	80.0	1.38559418834e-138
86.9070853318	80.0	1.38559418834e-138
123.694996968	80.0	1.38559418834e-138
15.2197687744	80.0	3.77072220684e-06
167.575986046	80.0	2.19836100585e-05
132.919053749	80.0	1.6449860051e-11
149.400646294	80.0	2.09029487744e-16
110.321045942	80.0	1.38559418834e-138
24.0603270215	80.0	1.10965602191e-05
84.2722004975	80.0	1.38559418834e-138
83.2862135824	80.0	1.38559418834e-138
65.5036766561	80.0	5.60448476067e-40
8.67003982519	80.0	5.08975879071e-07
148.754521865	80.0	2.8050226014e-11
23.6664945117	80.0	1.18558837921e-05
124.589409305	80.0	1.38559418834e-138
142.542217807	80.0	0.000683130051253
128.154123199	80.0	1.38559418834e-138
193.364112704	80.0	0.00233173162411
23.6814216026	80.0	0.00189563840755
174.880891148	80.0	6.13567658506e-08
7.45117612293	80.0	9.33506746363e-07
108.473078246	80.0	1.38559418834e-138
83.0326490822	80.0	1.38559418834e-138
106.451282318	80.0	1.38559418834e-138
73.418139363	80.0	1.38559418834e-138
39.2262020462	80.0	0.0126456876975
4.89179044823	80.0	1.15854045128e-12
106.873282143	80.0	1.38559418834e-138
171.368046579	80.0	1.38495421652e-08
77.2304505284	80.0	1.38559418834e-138
46.0674052857	80.0	0.0207343738877
17.2906091524	80.0	0.0207945524398
18.5546670221	80.0	0.0508572635742
45.227409156	80.0	0.0305093324104
24.5000125759	80.0	0.0565670351841
52.7626180245	80.0	1.15786606759e-12
15.7939009585	80.0	2.12156649756e-07
13.836421144	80.0	1.38181209403e-07
173.150892433	80.0	4.60045896054e-11
33.4360501993	80.0	0.0132612284106
112.758852202	80.0	1.38559418834e-138
155.550912589	80.0	4.128730562e-12
95.0368992216	80.0	1.38559418834e-138
32.5407871496	80.0	0.00522775063309
41.1535262295	80.0	0.0362304092421
