184.851529466	80.0	0.0
220.397422611	80.0	0.0
278.254193901	80.0	0.0
321.736467474	80.0	0.0
256.410471782	80.0	0.0
192.744866232	80.0	0.0
164.507803602	80.0	6.0964841837e-235
294.738683554	80.0	0.0
147.76027866	80.0	0.0
217.847978532	80.0	0.0
247.612821641	80.0	0.0
317.26833736	80.0	0.0
156.553010825	80.0	0.0
232.435556024	80.0	0.0
138.512249721	80.0	0.0
195.861489533	80.0	0.0
275.88584507	80.0	0.0
200.547198545	80.0	0.0
190.550096547	80.0	0.0
153.641309535	80.0	0.0
241.642038919	80.0	0.0
280.17742334	80.0	0.0
275.731806781	80.0	0.0
310.619054493	80.0	0.0
157.292696591	80.0	0.0
291.20235159	80.0	0.0
251.999076467	80.0	0.0
255.80531725	80.0	0.0
335.53355824	80.0	0.0
134.265593609	80.0	0.0
279.899445721	80.0	0.0
309.46766247	80.0	0.0
245.4508217	80.0	0.0
199.208803759	80.0	0.0
296.326079863	80.0	0.0
156.359785489	80.0	0.0
231.797220445	80.0	0.0
226.467878818	80.0	0.0
266.363720091	80.0	0.0
157.369964824	80.0	1.0
187.650640184	80.0	0.0
218.639715531	80.0	0.0
288.062073435	80.0	0.0
311.077536558	80.0	0.0
271.429303746	80.0	0.0
168.284269868	80.0	0.0
333.321673852	80.0	0.0
313.140134915	80.0	0.0
250.849436431	80.0	0.0
306.264278545	80.0	0.0
263.052657322	80.0	0.0
323.072710601	80.0	0.0
299.303970586	80.0	0.0
317.790221025	80.0	0.0
319.099507739	80.0	0.0
163.459190697	80.0	3.46173011465e-251
164.239039725	80.0	0.0
222.775975504	80.0	0.0
318.531056074	80.0	0.0
205.82146267	80.0	0.0
182.053650762	80.0	0.0
317.988430235	80.0	0.0
230.115845923	80.0	0.0
313.324488165	80.0	0.0
171.559819111	80.0	0.0
281.260794197	80.0	0.0
230.859407053	80.0	0.0
156.914193172	80.0	1.18964274507e-22
272.088771866	80.0	0.0
195.881472161	80.0	0.0
141.47138755	80.0	0.0
158.8737874	80.0	0.0
152.843054429	80.0	0.0
313.410382294	80.0	0.0
287.37591251	80.0	0.0
323.939012451	80.0	0.0
269.376907278	80.0	0.0
237.938792106	80.0	0.0
203.302987659	80.0	0.0
340.244867134	80.0	0.0
208.01229155	80.0	0.0
237.254109721	80.0	0.0
232.56397635	80.0	0.0
355.304086419	80.0	0.0
180.86110766	80.0	0.0
208.137637935	80.0	0.0
256.815079282	80.0	0.0
144.76291348	80.0	0.0
265.039335501	80.0	0.0
235.664571815	80.0	0.0
191.885655919	80.0	0.0
197.127368366	80.0	0.0
237.071780482	80.0	0.0
220.861142959	80.0	0.0
228.09640522	80.0	0.0
220.462839414	80.0	0.0
340.451060172	80.0	0.0
180.549289273	80.0	0.0
170.330907999	80.0	0.0
211.702011972	80.0	0.0
262.990472588	80.0	0.0
276.0912449	80.0	0.0
229.701888762	80.0	0.0
339.225612348	80.0	0.0
219.758438358	80.0	0.0
289.247977509	80.0	0.0
276.566561316	80.0	0.0
306.219112204	80.0	0.0
336.375439065	80.0	0.0
316.698041545	80.0	0.0
288.352398622	80.0	0.0
285.975557403	80.0	0.0
199.995718474	80.0	0.0
172.592174126	80.0	0.0
153.338792365	80.0	1.70399167946e-234
186.086518148	80.0	0.0
234.858322906	80.0	0.0
247.705075885	80.0	0.0
288.46717624	80.0	0.0
327.342296432	80.0	0.0
164.900114682	80.0	5.6496466769e-259
160.012581367	80.0	0.0
255.870422619	80.0	0.0
283.524143957	80.0	0.0
320.309182276	80.0	0.0
319.416074827	80.0	0.0
343.020716663	80.0	0.0
219.233431978	80.0	0.0
195.432012898	80.0	0.0
166.626176008	80.0	0.0
280.405963524	80.0	0.0
269.852450675	80.0	0.0
310.365641281	80.0	0.0
165.69977707	80.0	0.0
239.505786873	80.0	0.0
267.738366977	80.0	0.0
194.689939241	80.0	0.0
167.995261473	80.0	0.0
315.340656908	80.0	0.0
153.324959787	80.0	0.0
220.494770844	80.0	0.0
171.722378823	80.0	0.0
231.955854904	80.0	0.0
349.78052584	80.0	0.0
230.492064577	80.0	0.0
315.833086509	80.0	0.0
176.547043044	80.0	0.0
197.103267188	80.0	0.0
229.807942028	80.0	0.0
229.311733501	80.0	0.0
278.336257952	80.0	0.0
216.398179815	80.0	0.0
286.49231129	80.0	0.0
287.117873844	80.0	0.0
217.833329259	80.0	0.0
213.027324508	80.0	0.0
264.684094863	80.0	0.0
149.942720556	80.0	0.0
300.699302117	80.0	0.0
267.032335436	80.0	0.0
294.183536933	80.0	0.0
247.516593892	80.0	0.0
157.571438411	80.0	0.0
229.589779888	80.0	0.0
218.142903443	80.0	0.0
192.443187621	80.0	0.0
142.459776026	80.0	0.0
278.417477534	80.0	0.0
160.525891431	80.0	0.0
267.028500513	80.0	0.0
273.638626728	80.0	0.0
263.35866144	80.0	0.0
318.017088958	80.0	0.0
177.273103078	80.0	0.0
321.867312872	80.0	0.0
167.55377412	80.0	0.0
248.353426968	80.0	0.0
222.620954444	80.0	0.0
253.198457964	80.0	0.0
204.271190268	80.0	0.0
180.298124298	80.0	0.0
155.982834748	80.0	0.0
248.749572239	80.0	0.0
323.852929619	80.0	0.0
216.732340331	80.0	0.0
168.643719182	80.0	0.0
163.118033347	80.0	0.0
152.260983415	80.0	0.0
175.362970854	80.0	0.0
162.994658239	80.0	0.0
189.660636092	80.0	0.0
158.347280033	80.0	0.0
164.592494235	80.0	0.0
321.873175367	80.0	0.0
171.427057528	80.0	0.0
255.701147418	80.0	0.0
285.449406957	80.0	0.0
239.921436923	80.0	0.0
148.315083551	80.0	0.0
183.290509075	80.0	0.0
