61.0705216572	80.0	2.64955905792e-40
88.5936829548	80.0	0.0
156.335539463	80.0	1.01251471829e-119
200.565983422	80.0	5.90058511273e-61
127.365681682	80.0	0.0
73.8941654162	80.0	0.0
25.8083667472	80.0	1.14317249486e-11
164.413286869	80.0	1.20402498776e-139
23.8646439191	80.0	2.7161586722e-25
94.8982406874	80.0	0.0
130.714696543	80.0	0.0
201.763292813	80.0	0.0
35.4179536106	80.0	3.97625526148e-07
103.217224045	80.0	0.0
16.9555167427	80.0	3.17356457591e-33
87.6935603123	80.0	0.0
147.697966266	80.0	0.0
73.7652880592	80.0	0.0
64.6728807379	80.0	8.33492714479e-63
42.8293380209	80.0	2.97381410516e-28
131.564884904	80.0	0.0
161.303351855	80.0	2.89636559032e-133
158.288351957	80.0	4.76019909584e-147
212.302431387	80.0	0.0
25.9692335821	80.0	4.33472307381e-43
151.923087819	80.0	5.49146476019e-152
139.544708623	80.0	0.0
135.05676112	80.0	0.0
214.190492495	80.0	0.0
29.6815890979	80.0	2.98425813225e-29
159.609189404	80.0	3.47922478286e-134
182.553724417	80.0	1.02512282091e-130
122.195577428	80.0	0.0
81.4333285387	80.0	0.0
181.008354877	80.0	3.4909422007e-105
40.0563703018	80.0	7.33095863403e-23
111.900914468	80.0	0.0
120.431295315	80.0	0.0
157.476966711	80.0	1.54271136991e-138
32.6016383671	80.0	4.77259634608e-20
66.3382426177	80.0	1.89166220456e-95
97.649483926	80.0	0.0
149.748182583	80.0	7.42860000781e-309
195.851357407	80.0	2.91791088992e-52
140.742400337	80.0	0.0
46.7988696761	80.0	5.43182573754e-24
218.045821275	80.0	0.0
193.963935456	80.0	1.16571922389e-74
120.695836369	80.0	0.0
204.421038139	80.0	0.0
130.4774122	80.0	0.0
203.611510619	80.0	0.0
186.352902557	80.0	5.56137540021e-124
205.223460421	80.0	0.0
201.533836036	80.0	9.94283980846e-07
25.2645775364	80.0	3.5093762465e-08
52.9384635529	80.0	7.74003088122e-46
98.1792363743	80.0	0.0
213.345900689	80.0	0.0
77.3158277188	80.0	0.0
50.5170383238	80.0	0.000159363484537
199.025503132	80.0	3.44308247466e-41
104.861471455	80.0	0.0
204.087879135	80.0	0.0
53.8633118986	80.0	9.94520918283e-15
147.563789884	80.0	6.13333460604e-143
110.395060106	80.0	0.0
36.6064499095	80.0	7.70909153848e-05
159.239006458	80.0	1.66754830562e-138
65.7228683947	80.0	2.71499336397e-110
24.6658284127	80.0	3.97215362229e-08
41.4872557676	80.0	4.09534975455e-11
34.0201465657	80.0	7.13846689284e-38
195.279829805	80.0	6.70499577913e-15
164.051362867	80.0	3.43030602537e-140
199.462875546	80.0	1.80190486028e-24
151.239745134	80.0	5.48812532482e-104
126.677054077	80.0	0.0
79.8779122331	80.0	0.0
218.561321632	80.0	0.0
89.3611987397	80.0	0.0
114.342373981	80.0	0.0
101.499461267	80.0	0.0
216.091162706	80.0	0.0
54.1128935903	80.0	1.98681813879e-47
88.2029275053	80.0	0.0
152.724009639	80.0	4.00421848399e-135
27.6892426943	80.0	3.71589839598e-29
145.436162044	80.0	0.0
112.918093296	80.0	0.0
76.6593123461	80.0	0.0
67.8457552161	80.0	1.12046420617e-118
123.830596904	80.0	0.0
95.7011023487	80.0	0.0
110.238422308	80.0	0.0
90.0547064341	80.0	0.0
216.417974641	80.0	0.0
51.3739949872	80.0	5.68682498541e-18
43.9934030452	80.0	8.34304901531e-20
87.1273940806	80.0	0.0
139.959126727	80.0	0.0
150.299952716	80.0	3.96610579133e-124
99.097735668	80.0	0.0
218.950492228	80.0	0.0
93.9401356584	80.0	0.0
162.38362857	80.0	1.7207911771e-174
146.676863496	80.0	0.0
182.35132771	80.0	5.75700331552e-118
217.72530446	80.0	0.0
195.994373062	80.0	4.38727887303e-48
168.474807686	80.0	1.80684105262e-135
155.693297426	80.0	1.7537326072e-116
84.4967505348	80.0	0.0
48.1684421287	80.0	2.41779559892e-16
31.3562028359	80.0	1.30139369682e-41
72.7833632875	80.0	7.42606485535e-234
103.155073812	80.0	0.0
121.692875604	80.0	0.0
171.192320242	80.0	1.75580433007e-139
211.291373264	80.0	0.0
40.3711382578	80.0	1.94743700436e-30
38.4752489252	80.0	1.17377386538e-08
142.155308834	80.0	0.0
163.172756364	80.0	3.96665498555e-127
194.482843593	80.0	1.78402047967e-91
205.358368033	80.0	0.0
214.503614169	80.0	0.0
95.7609054878	80.0	0.0
90.6823426893	80.0	0.0
51.1143290584	80.0	3.86799515419e-21
158.875263668	80.0	1.75954539708e-148
147.85126861	80.0	1.27896753349e-133
191.306486262	80.0	2.30085729062e-73
45.5321760764	80.0	9.6183948799e-05
119.661514477	80.0	0.0
137.377842986	80.0	0.0
68.7352149052	80.0	1.61803183932e-102
53.3526472944	80.0	1.75544770981e-46
193.556262942	80.0	2.64316084153e-88
29.2841454737	80.0	3.76648771631e-35
105.850079928	80.0	0.0
44.6562711848	80.0	9.42802264111e-23
111.198661636	80.0	0.0
223.420746094	80.0	0.0
106.022844892	80.0	0.0
187.794644155	80.0	2.08492572908e-79
47.4240478985	80.0	4.60468505993e-31
75.6137000936	80.0	1.5451942865e-250
99.6884191139	80.0	0.0
103.113509656	80.0	0.0
158.009761471	80.0	2.44691170057e-141
91.6532181292	80.0	0.0
158.566334819	80.0	1.13348438503e-162
150.27493478	80.0	1.35591666265e-256
100.414697869	80.0	0.0
97.4315884247	80.0	0.0
140.23129408	80.0	0.0
40.175534004	80.0	0.131525864898
180.644856819	80.0	7.18427647577e-128
148.477705962	80.0	4.97996812841e-126
171.294611467	80.0	8.03496254936e-164
129.318376019	80.0	0.0
38.0841836546	80.0	1.52532284798e-15
102.878571156	80.0	0.0
101.196522591	80.0	0.0
86.7239613894	80.0	0.0
24.7138197389	80.0	0.838458750616
164.863688676	80.0	2.22249726926e-154
35.0743691062	80.0	2.53129997498e-06
141.625161865	80.0	0.0
162.559079826	80.0	3.92623842198e-143
145.49583945	80.0	0.0
209.134916412	80.0	0.0
43.4966225293	80.0	5.16398766756e-20
190.809842594	80.0	1.40023666889e-83
28.1082913148	80.0	3.01391483676e-06
125.251992472	80.0	0.0
101.442609317	80.0	0.0
124.332032915	80.0	0.0
89.1777211069	80.0	0.0
65.2848890902	80.0	4.22721059518e-55
27.3302605012	80.0	0.0217255495723
126.489721458	80.0	0.0
190.873043325	80.0	6.33084420357e-89
97.0866914018	80.0	0.0
62.0183650744	80.0	7.87107516722e-44
35.8233587227	80.0	6.61959934924e-12
40.0108559726	80.0	0.00794999239831
61.8979996942	80.0	5.94206822541e-60
41.1128725021	80.0	9.74148496094e-19
69.9449836953	80.0	8.5946441365e-128
29.8346084039	80.0	7.88095231741e-39
33.5317550309	80.0	3.27971017884e-34
192.698598144	80.0	2.83227876702e-96
49.4209755892	80.0	1.80385750805e-07
131.398805846	80.0	0.0
173.470024413	80.0	1.11854792954e-128
116.795995956	80.0	0.0
48.5509020508	80.0	4.51866528289e-11
60.3516834667	80.0	4.90903903158e-44
