122.800474257	80.0	0.0
156.415427103	80.0	0.0
214.687104317	80.0	0.0
259.635117721	80.0	0.0
195.060272805	80.0	0.0
129.758787893	80.0	0.0
93.0666370182	80.0	6.50195719915e-139
225.975485718	80.0	0.0
88.5034311305	80.0	5.49292983321e-146
156.393673491	80.0	0.0
185.388433329	80.0	0.0
262.006804456	80.0	0.0
90.8522856882	80.0	1.9642177747e-12
162.632164573	80.0	0.0
85.624130395	80.0	3.85912421416e-300
147.318568827	80.0	0.0
212.487961273	80.0	0.0
138.704825638	80.0	0.0
120.103866734	80.0	0.0
88.0790871214	80.0	1.26121543606e-103
188.604580032	80.0	0.0
224.24985777	80.0	0.0
213.030200858	80.0	0.0
263.611387774	80.0	0.0
91.7799120766	80.0	1.39320283715e-177
216.626560614	80.0	0.0
194.516355523	80.0	0.0
195.953077768	80.0	0.0
269.515311046	80.0	0.0
80.8697910656	80.0	2.90516765081e-269
220.136426723	80.0	0.0
246.150821709	80.0	0.0
188.599322875	80.0	0.0
138.044443345	80.0	0.0
246.465811486	80.0	0.0
96.8431774233	80.0	1.2794628345e-54
179.050428487	80.0	0.0
166.696450908	80.0	0.0
208.752866244	80.0	0.0
98.0807499679	80.0	5.48094521797e-62
118.682450453	80.0	0.0
160.208704791	80.0	0.0
218.763963055	80.0	0.0
251.230757633	80.0	0.0
205.849737458	80.0	0.0
107.606422144	80.0	4.09814342822e-226
269.186966979	80.0	0.0
255.374282503	80.0	0.0
178.397489672	80.0	0.0
259.69733465	80.0	0.0
193.736093886	80.0	0.0
264.696877087	80.0	0.0
239.694302916	80.0	0.0
252.885654492	80.0	0.0
262.587271031	80.0	0.0
95.9867608862	80.0	1.43338047137e-132
110.351927071	80.0	0.0
152.821765263	80.0	0.0
265.651424104	80.0	0.0
132.033892607	80.0	0.0
114.98022127	80.0	0.0
257.539741519	80.0	0.0
168.638231471	80.0	0.0
257.170552208	80.0	0.0
110.770270404	80.0	0.0
221.062629393	80.0	0.0
176.55033384	80.0	0.0
100.422221922	80.0	3.86958396616e-75
211.35122422	80.0	0.0
124.489033078	80.0	0.0
73.8350687204	80.0	0.0
94.2874481832	80.0	1.17788976516e-129
86.8508580261	80.0	5.38807692542e-156
248.515062656	80.0	0.0
228.749775242	80.0	0.0
262.001764546	80.0	0.0
217.3041125	80.0	0.0
184.069934631	80.0	0.0
140.508741962	80.0	0.0
282.378662034	80.0	0.0
145.547710677	80.0	0.0
177.68236781	80.0	0.0
167.011232631	80.0	0.0
292.87546547	80.0	0.0
110.577420929	80.0	0.0
150.032686318	80.0	0.0
207.184540579	80.0	0.0
83.1034803531	80.0	2.99963952955e-254
211.663164557	80.0	0.0
177.006481123	80.0	0.0
135.185457039	80.0	0.0
130.703426226	80.0	0.0
176.323328366	80.0	0.0
155.982186397	80.0	0.0
167.025968232	80.0	0.0
152.822587633	80.0	0.0
284.914598511	80.0	0.0
110.27785156	80.0	0.0
111.730097555	80.0	0.0
147.394352578	80.0	0.0
204.789749231	80.0	0.0
211.059903249	80.0	0.0
165.024962449	80.0	0.0
280.268540009	80.0	0.0
158.124676631	80.0	0.0
226.834309896	80.0	0.0
213.433078183	80.0	0.0
248.550135819	80.0	0.0
278.783792634	80.0	0.0
251.249671887	80.0	0.0
224.735074362	80.0	0.0
218.1395804	80.0	0.0
137.347534134	80.0	0.0
111.089795476	80.0	0.0
95.2500795598	80.0	1.28539336514e-51
123.980839065	80.0	0.0
161.574797704	80.0	0.0
188.68456574	80.0	0.0
223.282409793	80.0	0.0
265.141743761	80.0	0.0
101.927463792	80.0	2.28390050844e-118
92.9184805368	80.0	2.43056670469e-48
198.293638216	80.0	0.0
221.198190132	80.0	0.0
258.040209732	80.0	0.0
263.40275096	80.0	0.0
279.080849282	80.0	0.0
147.441718776	80.0	0.0
140.182044579	80.0	0.0
100.53398451	80.0	7.02516165354e-228
216.038458725	80.0	0.0
211.058858511	80.0	0.0
250.853732419	80.0	0.0
101.198326187	80.0	3.85274218755e-299
179.01774048	80.0	0.0
201.987257135	80.0	0.0
133.017692275	80.0	0.0
114.794556536	80.0	0.0
250.38232537	80.0	0.0
86.648870485	80.0	3.46421806569e-178
154.686565999	80.0	0.0
100.468626579	80.0	8.58777333063e-84
166.99689754	80.0	0.0
282.365708691	80.0	0.0
168.702233267	80.0	0.0
251.408876776	80.0	0.0
113.753027214	80.0	0.0
134.356687237	80.0	0.0
164.139732434	80.0	0.0
170.145185334	80.0	0.0
218.251254982	80.0	0.0
159.259239263	80.0	0.0
221.360235928	80.0	0.0
217.840451881	80.0	0.0
150.694180695	80.0	0.0
148.031072261	80.0	0.0
193.63461791	80.0	0.0
96.0471519823	80.0	6.08363007785e-32
239.950218741	80.0	0.0
203.001757659	80.0	0.0
234.980561103	80.0	0.0
187.172378075	80.0	0.0
89.5955500312	80.0	7.10391341609e-97
169.701136512	80.0	0.0
166.446308502	80.0	0.0
132.640882041	80.0	0.0
85.760792701	80.0	3.26179031135e-203
217.014830849	80.0	0.0
102.506526527	80.0	9.71746322055e-77
208.776950491	80.0	0.0
213.319989273	80.0	0.0
197.563168686	80.0	0.0
261.076618576	80.0	0.0
110.735238028	80.0	0.0
250.197596192	80.0	0.0
96.0687638288	80.0	3.34563470319e-79
183.009254808	80.0	0.0
168.364918566	80.0	0.0
181.997813405	80.0	0.0
146.963856254	80.0	0.0
124.257831017	80.0	0.0
86.4968362178	80.0	1.71822879965e-146
186.351541957	80.0	0.0
253.819272779	80.0	0.0
164.000824319	80.0	0.0
113.001274033	80.0	0.0
102.140978497	80.0	1.76065440202e-152
87.3176509851	80.0	0.999999999998
117.783520599	80.0	0.0
104.875217528	80.0	1.47459618961e-195
122.905499037	80.0	0.0
91.3053698228	80.0	2.22161715039e-191
89.7581887964	80.0	4.63943494742e-177
254.37836876	80.0	0.0
108.058277957	80.0	0.0
191.081759076	80.0	0.0
230.608717911	80.0	0.0
179.928568185	80.0	0.0
101.401331767	80.0	9.61741526911e-237
119.066757639	80.0	0.0
