119.54557341	80.0	0.0
153.344486484	80.0	0.0
211.318986324	80.0	0.0
256.881075685	80.0	0.0
194.422062633	80.0	0.0
127.543898043	80.0	0.0
90.2999673591	80.0	6.50195719915e-139
224.547632416	80.0	0.0
87.4360353366	80.0	5.49292983321e-146
155.739992371	80.0	0.0
184.44678737	80.0	0.0
259.698584839	80.0	0.0
88.7259797945	80.0	1.9642177747e-12
159.157509645	80.0	0.0
83.6042647566	80.0	3.85912421416e-300
145.471909164	80.0	0.0
209.945236255	80.0	0.0
137.603068695	80.0	0.0
117.031032561	80.0	0.0
85.1578863521	80.0	1.26121543606e-103
187.650562701	80.0	0.0
222.009972957	80.0	0.0
211.270188095	80.0	0.0
261.409861216	80.0	0.0
88.6845383335	80.0	1.39320283715e-177
215.390706337	80.0	0.0
193.575436944	80.0	0.0
192.98210054	80.0	0.0
270.23985981	80.0	0.0
78.8434481879	80.0	2.90516765081e-269
218.105291071	80.0	0.0
244.329531039	80.0	0.0
186.179823561	80.0	0.0
136.912831876	80.0	0.0
243.991105396	80.0	0.0
95.3408700487	80.0	1.2794628345e-54
177.663609052	80.0	0.0
165.595759062	80.0	0.0
207.448003504	80.0	0.0
95.8258919751	80.0	5.48094521797e-62
114.219668837	80.0	0.0
156.920682197	80.0	0.0
215.397611962	80.0	0.0
251.314897706	80.0	0.0
202.795197216	80.0	0.0
106.264868235	80.0	4.09814342822e-226
266.485296249	80.0	0.0
254.858492393	80.0	0.0
175.695655455	80.0	0.0
258.434037263	80.0	0.0
192.871462197	80.0	0.0
261.893450475	80.0	0.0
235.747164563	80.0	0.0
250.603839282	80.0	0.0
259.970924316	80.0	0.0
92.2966519079	80.0	1.43338047137e-132
110.111610266	80.0	0.0
150.915793968	80.0	0.0
265.187047931	80.0	0.0
130.515956587	80.0	0.0
113.261618486	80.0	0.0
253.626800151	80.0	0.0
166.459261581	80.0	0.0
254.900713293	80.0	0.0
109.245898703	80.0	0.0
219.120873672	80.0	0.0
173.939931165	80.0	0.0
98.575987076	80.0	3.86958396616e-75
209.6583819	80.0	0.0
122.485891053	80.0	0.0
73.0175925731	80.0	0.0
94.1320704569	80.0	1.17788976516e-129
86.1678496162	80.0	5.38807692542e-156
246.367128645	80.0	0.0
227.403744325	80.0	0.0
260.367849137	80.0	0.0
215.881371001	80.0	0.0
182.655004809	80.0	0.0
138.801158762	80.0	0.0
282.22719237	80.0	0.0
143.696644495	80.0	0.0
176.433640035	80.0	0.0
165.726533621	80.0	0.0
289.797623895	80.0	0.0
107.954247201	80.0	0.0
149.729524209	80.0	0.0
206.036239592	80.0	0.0
82.0260057873	80.0	2.99963952955e-254
208.739840461	80.0	0.0
175.401485554	80.0	0.0
132.475521642	80.0	0.0
128.746360409	80.0	0.0
174.972967951	80.0	0.0
154.30072391	80.0	0.0
166.898059099	80.0	0.0
150.750460497	80.0	0.0
282.623392767	80.0	0.0
108.556199862	80.0	0.0
109.125142579	80.0	0.0
144.723743307	80.0	0.0
202.061351573	80.0	0.0
207.723974259	80.0	0.0
163.897712824	80.0	0.0
278.450587949	80.0	0.0
156.401325491	80.0	0.0
224.295761208	80.0	0.0
212.675269191	80.0	0.0
247.199069522	80.0	0.0
277.677962261	80.0	0.0
249.148203954	80.0	0.0
222.787173716	80.0	0.0
216.750184538	80.0	0.0
138.32727976	80.0	0.0
109.779032934	80.0	0.0
95.456998242	80.0	1.28539336514e-51
122.413628665	80.0	0.0
160.252277526	80.0	0.0
186.518310921	80.0	0.0
221.419854211	80.0	0.0
263.918372628	80.0	0.0
99.5250841108	80.0	2.28390050844e-118
92.756941989	80.0	2.43056670469e-48
197.027415158	80.0	0.0
221.208670139	80.0	0.0
256.909132229	80.0	0.0
261.452277489	80.0	0.0
278.425082153	80.0	0.0
145.381484898	80.0	0.0
139.950879176	80.0	0.0
99.3742890103	80.0	7.02516165354e-228
215.049988994	80.0	0.0
207.155328112	80.0	0.0
250.138130166	80.0	0.0
99.6882154307	80.0	3.85274218755e-299
176.2595683	80.0	0.0
198.840041362	80.0	0.0
132.386547239	80.0	0.0
112.186475672	80.0	0.0
248.91242018	80.0	0.0
85.2583253652	80.0	3.46421806569e-178
151.624153538	80.0	0.0
98.508776397	80.0	8.58777333063e-84
165.273318608	80.0	0.0
278.788149343	80.0	0.0
166.438551227	80.0	0.0
248.141835604	80.0	0.0
110.568279111	80.0	0.0
131.756206425	80.0	0.0
161.476971855	80.0	0.0
169.108306728	80.0	0.0
216.316438551	80.0	0.0
156.862702376	80.0	0.0
218.135506147	80.0	0.0
217.437113626	80.0	0.0
149.610332777	80.0	0.0
143.974178408	80.0	0.0
191.454198196	80.0	0.0
94.1138612312	80.0	6.08363007785e-32
237.978572721	80.0	0.0
200.516952908	80.0	0.0
232.163259861	80.0	0.0
184.277072317	80.0	0.0
88.358066298	80.0	7.10391341609e-97
166.263542154	80.0	0.0
163.24887249	80.0	0.0
131.305760376	80.0	0.0
83.269659557	80.0	3.26179031135e-203
214.578652123	80.0	0.0
98.0229010491	80.0	9.71746322055e-77
205.526075496	80.0	0.0
212.185213995	80.0	0.0
196.715551564	80.0	0.0
261.608383249	80.0	0.0
108.058436896	80.0	0.0
249.021145626	80.0	0.0
94.0704186896	80.0	3.34563470319e-79
181.301912842	80.0	0.0
168.078254214	80.0	0.0
179.720300536	80.0	0.0
145.432268326	80.0	0.0
123.27906841	80.0	0.0
84.1857284481	80.0	1.71822879965e-146
184.905913356	80.0	0.0
252.346977859	80.0	0.0
161.907390296	80.0	0.0
110.945910243	80.0	0.0
99.9570184195	80.0	1.76065440202e-152
84.2432154164	80.0	0.999999999998
116.592410867	80.0	0.0
102.857508569	80.0	1.47459618961e-195
121.960874461	80.0	0.0
89.2516442942	80.0	2.22161715039e-191
86.8661840634	80.0	4.63943494742e-177
252.522051768	80.0	0.0
105.515391473	80.0	0.0
186.466578387	80.0	0.0
227.699795806	80.0	0.0
178.598675629	80.0	0.0
99.2550327837	80.0	9.61741526911e-237
117.484507726	80.0	0.0
