62.8507486715	80.0	2.22780905527e-87
91.4944068599	80.0	0.0
159.226903569	80.0	2.34461313737e-140
202.010857077	80.0	0.0
129.193199364	80.0	0.0
74.432427074	80.0	0.0
26.2595706102	80.0	8.68644892023e-15
166.539855671	80.0	1.52579075324e-153
26.6576509897	80.0	8.97637347904e-30
97.5362647209	80.0	0.0
133.054721141	80.0	0.0
204.626309966	80.0	0.0
36.8282558149	80.0	6.79687078906e-09
104.944691297	80.0	0.0
19.6930382561	80.0	3.73196651027e-33
90.1266790418	80.0	0.0
149.487777452	80.0	0.0
77.0860824453	80.0	0.0
65.3808794868	80.0	1.33921680378e-118
44.3106593336	80.0	7.42218282073e-28
133.28148713	80.0	0.0
164.119886734	80.0	2.57173099199e-140
160.290737155	80.0	2.71261192962e-160
213.04093964	80.0	0.0
28.4832377619	80.0	2.66728705921e-44
155.010634134	80.0	1.60457482296e-175
142.284013156	80.0	0.0
137.675916042	80.0	0.0
214.316178998	80.0	0.0
30.7817026212	80.0	7.47692653316e-32
162.091270013	80.0	4.784060714e-142
184.498836233	80.0	1.95546401038e-134
124.71813503	80.0	0.0
82.1669858618	80.0	0.0
182.946860113	80.0	2.31878033419e-116
40.666589283	80.0	5.23848534299e-22
111.947235905	80.0	0.0
122.727074404	80.0	0.0
160.319555507	80.0	2.19030365616e-156
34.847254795	80.0	6.36136613907e-22
68.3052461374	80.0	3.11809142399e-146
98.0874695841	80.0	0.0
152.75428965	80.0	4.94065645841e-324
197.807312509	80.0	8.41258842228e-53
144.701962342	80.0	0.0
49.7411839844	80.0	2.61163765544e-37
218.040695849	80.0	0.0
196.718985136	80.0	6.64373177455e-75
121.299301132	80.0	0.0
205.661542648	80.0	0.0
132.226655523	80.0	0.0
205.517448168	80.0	0.0
188.750467773	80.0	9.23810497154e-129
206.200605381	80.0	0.0
202.383144032	80.0	0.0
27.8651827381	80.0	3.19927170426e-09
54.9252132849	80.0	1.28088156063e-59
100.353609423	80.0	0.0
213.152217338	80.0	0.0
79.1386903355	80.0	0.0
51.6263091408	80.0	1.12651900743e-25
200.104876759	80.0	0.0
107.783406259	80.0	0.0
204.992207906	80.0	0.0
54.7704152923	80.0	3.38162321845e-29
149.23277928	80.0	4.77746139807e-161
112.845348937	80.0	0.0
37.7224351798	80.0	1.71448440367e-05
162.473150494	80.0	4.34297950814e-148
69.17271592	80.0	1.53730548894e-175
25.7843813463	80.0	4.03314484167e-11
43.242174012	80.0	9.85405427482e-11
35.241471093	80.0	8.46680221175e-39
195.5944477	80.0	9.14090596214e-15
166.354373918	80.0	1.62203098757e-154
202.196470414	80.0	0.0
155.251609397	80.0	3.50918695868e-123
127.779644574	80.0	0.0
83.2141473239	80.0	0.0
221.903675323	80.0	0.0
91.5590520493	80.0	0.0
116.944537471	80.0	0.0
104.372734315	80.0	0.0
220.065262654	80.0	0.0
56.5907021529	80.0	5.70416061064e-60
90.1427896198	80.0	0.0
153.85784084	80.0	5.96003833826e-157
29.9945634494	80.0	1.21887763215e-30
148.460326977	80.0	0.0
115.162703657	80.0	0.0
77.8793890972	80.0	0.0
69.9348314186	80.0	1.29152653251e-260
125.701443421	80.0	0.0
97.9658411065	80.0	0.0
110.576573941	80.0	0.0
92.6054950482	80.0	0.0
219.013397797	80.0	0.0
53.8188484254	80.0	1.61304806508e-36
45.989640228	80.0	4.30493657002e-20
87.321457818	80.0	0.0
141.939803935	80.0	0.0
153.360667715	80.0	2.55878159295e-139
100.237606792	80.0	0.0
218.961222762	80.0	0.0
94.3995776865	80.0	0.0
164.697654262	80.0	5.49278233743e-183
149.049739505	80.0	0.0
185.237620905	80.0	4.89856710961e-122
219.670045464	80.0	0.0
196.494044686	80.0	1.63208418966e-48
169.656303546	80.0	3.23697965043e-155
158.512136798	80.0	4.23616452315e-139
86.6372464422	80.0	0.0
50.8182717634	80.0	4.02437062691e-33
33.7909916413	80.0	1.41041795108e-43
74.5784027358	80.0	0.0
104.981066974	80.0	0.0
125.549977874	80.0	0.0
173.606994509	80.0	5.14824941393e-159
213.162785713	80.0	0.0
42.8265582487	80.0	3.04822518728e-30
40.6981547448	80.0	7.57887777858e-08
141.99795246	80.0	0.0
165.822840878	80.0	6.45982038282e-140
198.303782867	80.0	1.72462682674e-91
206.578088164	80.0	0.0
217.957649918	80.0	0.0
97.5040357905	80.0	0.0
92.975814087	80.0	0.0
54.1846890754	80.0	2.18028519089e-40
160.155262237	80.0	1.01661052797e-158
151.093762523	80.0	5.61882505623e-151
192.092268981	80.0	8.41269835005e-74
46.6570213274	80.0	2.13812384177e-07
121.06799416	80.0	0.0
140.039848352	80.0	0.0
70.3943404946	80.0	3.39654070162e-255
53.8326728348	80.0	6.35476458357e-62
195.33973007	80.0	5.42630342046e-88
30.4999240912	80.0	7.36598282708e-37
108.581373549	80.0	0.0
46.3130361304	80.0	7.09491966807e-24
113.269435712	80.0	0.0
225.015273637	80.0	0.0
108.45678386	80.0	0.0
189.611053392	80.0	7.14579518639e-84
49.7492466132	80.0	2.80323890063e-45
75.0203115289	80.0	0.0
101.785669991	80.0	0.0
105.527423326	80.0	0.0
159.810481416	80.0	1.52656760717e-157
94.3226106006	80.0	0.0
161.304941848	80.0	2.18687201876e-173
153.579148672	80.0	6.71606495515e-272
102.519509477	80.0	0.0
97.51778772	80.0	0.0
139.945794631	80.0	0.0
40.5736930519	80.0	0.94167763095
182.606949758	80.0	1.78909159782e-139
150.320400674	80.0	8.7243216931e-140
173.570851319	80.0	2.76752801163e-183
130.693130096	80.0	0.0
39.3476924831	80.0	8.40042866239e-15
105.433619099	80.0	0.0
103.852447002	80.0	0.0
88.4673112539	80.0	0.0
26.6753430807	80.0	0.00324879847263
167.26800302	80.0	3.7580505569e-167
37.5787126814	80.0	4.41273134425e-07
142.481181166	80.0	0.0
163.839505971	80.0	1.70321150188e-152
146.265293405	80.0	0.0
210.628009798	80.0	0.0
46.3089561186	80.0	3.37686779159e-21
193.356114461	80.0	4.09236199206e-84
29.0101933545	80.0	8.61889033628e-06
127.764259199	80.0	0.0
103.528452422	80.0	0.0
125.838106208	80.0	0.0
89.7712614518	80.0	0.0
67.1100657186	80.0	9.59268423869e-110
30.0102045073	80.0	0.000404009553957
126.32662381	80.0	0.0
192.476920127	80.0	1.57330913224e-89
101.340975101	80.0	0.0
64.691001793	80.0	8.13319977278e-97
38.0831912177	80.0	7.60769205452e-13
41.2736708031	80.0	0.0546430562787
63.2196698563	80.0	1.36181736399e-111
43.0295841064	80.0	1.16274095437e-18
73.5478473247	80.0	0.0
32.3001975948	80.0	2.10684205532e-41
34.6595966331	80.0	2.32397289805e-34
195.875385106	80.0	3.66821138091e-96
51.128381382	80.0	5.28744797681e-29
135.096152327	80.0	0.0
174.903421388	80.0	4.42855686599e-140
117.7927302	80.0	0.0
50.7255316286	80.0	1.42061044509e-29
63.3340104505	80.0	1.23236995943e-89
