57.9638960763	80.0	2.041764104e-47
83.7401905924	80.0	0.0
150.015070541	80.0	2.73299026392e-94
194.30968065	80.0	6.8755987865e-66
124.536688897	80.0	0.0
70.9832971782	80.0	0.0
22.7120477451	80.0	1.66704461793e-17
161.004490342	80.0	8.10488788564e-132
19.9836045449	80.0	7.17574705821e-32
92.6395961844	80.0	0.0
127.491630697	80.0	0.0
199.250943197	80.0	3.86653484026e-11
31.3646576485	80.0	0.0426709051216
99.582341906	80.0	0.0
16.0754524019	80.0	2.56501125512e-33
87.2879021986	80.0	0.0
145.478969569	80.0	0.0
70.4600823278	80.0	1.14990647865e-270
60.7667004476	80.0	4.69361424741e-59
39.3772716674	80.0	1.64465127553e-30
130.017082852	80.0	0.0
157.468095501	80.0	2.35881143889e-116
155.077083127	80.0	6.97115228707e-116
209.08383067	80.0	0.0
19.6966591276	80.0	1.31020156066e-49
146.173102011	80.0	1.28758535819e-128
132.693840239	80.0	0.0
132.480604876	80.0	0.0
212.208777152	80.0	0.0
24.464718036	80.0	9.74804499998e-35
155.157815767	80.0	6.91366634643e-109
177.946648858	80.0	2.68726270461e-110
118.390850986	80.0	0.0
77.0700911313	80.0	0.0
174.562388486	80.0	2.25069122887e-92
38.1703085574	80.0	6.55986978914e-26
107.025105809	80.0	0.0
118.412364248	80.0	0.0
152.910045451	80.0	3.96844684562e-112
29.5082608763	80.0	2.00613390133e-12
61.9481825322	80.0	9.59984115229e-95
95.5152414685	80.0	0.0
146.913010479	80.0	2.82629984083e-281
193.143195836	80.0	1.72415819666e-56
135.743071262	80.0	0.0
42.9205958063	80.0	2.96951419279e-27
213.134178879	80.0	0.0
188.386881287	80.0	1.4242633754e-80
118.352460708	80.0	0.0
201.626260662	80.0	0.0
124.83273077	80.0	0.0
200.722421535	80.0	0.0
179.959528241	80.0	9.00816471435e-121
202.918666965	80.0	0.0
197.184181866	80.0	1.58049906043e-08
21.9736161142	80.0	7.95544667629e-15
49.8221850061	80.0	2.90019775178e-52
93.0941061954	80.0	0.0
208.657495883	80.0	0.0
72.0917736824	80.0	0.0
45.5627778789	80.0	7.32575895552e-12
194.907067887	80.0	2.3309339883e-46
100.896829898	80.0	0.0
199.639891192	80.0	2.036261099e-22
48.4346400883	80.0	7.07040259234e-21
145.139228588	80.0	7.15324605464e-108
104.93801866	80.0	0.0
32.7501440492	80.0	1.54258541706e-08
156.147825153	80.0	2.26171151426e-109
62.9555499292	80.0	2.42052518164e-106
20.8833307405	80.0	3.19259022404e-13
33.7385762327	80.0	1.79479624142e-15
28.9845449528	80.0	7.09247669729e-30
190.789159507	80.0	1.09908632684e-18
161.269329078	80.0	8.15183365436e-126
193.530449342	80.0	1.81865451028e-29
148.563968337	80.0	7.67906842597e-89
123.056058109	80.0	0.0
76.8107063203	80.0	0.0
215.042327413	80.0	0.0
85.3414961015	80.0	0.0
109.904932833	80.0	0.0
97.2213227186	80.0	0.0
212.71590538	80.0	0.0
51.0485312579	80.0	2.3182809549e-54
82.9875513417	80.0	0.0
149.974968777	80.0	3.15756663801e-117
26.9089453396	80.0	7.38430994256e-35
139.715645195	80.0	0.0
110.79498943	80.0	0.0
73.8906340834	80.0	0.0
64.0548938274	80.0	9.60666907322e-119
120.634899413	80.0	0.0
91.5868273897	80.0	0.0
105.351205621	80.0	0.0
87.2255931822	80.0	0.0
212.49497851	80.0	0.0
45.0854333638	80.0	3.1399185497e-25
38.7897260646	80.0	2.69479675663e-22
85.5567887044	80.0	0.0
137.396673162	80.0	0.0
145.595039485	80.0	2.10001322355e-96
95.0844024201	80.0	0.0
214.753488428	80.0	0.0
89.3993930587	80.0	0.0
155.878985637	80.0	1.2639167907e-151
139.848838605	80.0	0.0
177.682798953	80.0	1.0159780169e-100
214.502285944	80.0	0.0
195.262472237	80.0	6.6145732529e-52
165.96040426	80.0	2.2504486535e-113
150.36140653	80.0	9.82801880934e-92
81.6846346965	80.0	0.0
43.4494775342	80.0	2.02313583507e-21
26.2415852251	80.0	1.14781965535e-39
69.2118214709	80.0	1.54504573069e-163
99.3954752739	80.0	0.0
118.817347609	80.0	0.0
167.891131003	80.0	3.446016588e-112
207.906672556	80.0	0.0
37.8046110032	80.0	5.0888105941e-32
35.2544551602	80.0	5.84906613801e-14
138.359173528	80.0	0.0
160.078756885	80.0	6.14850257368e-115
190.135453776	80.0	1.57969848132e-95
202.691325714	80.0	0.0
210.68086161	80.0	0.0
93.6551544926	80.0	0.0
86.6004803691	80.0	0.0
48.1606353071	80.0	2.13363447451e-27
154.26489422	80.0	2.76896003956e-114
144.310639725	80.0	2.76227125573e-98
186.361691109	80.0	5.74318481399e-79
40.1631530577	80.0	3.08195425462e-09
117.092088111	80.0	0.0
133.837351369	80.0	0.0
62.9001423315	80.0	1.15442605544e-101
50.520104667	80.0	8.42334167389e-53
191.387309114	80.0	5.3993329463e-92
26.2943969082	80.0	2.09779015243e-37
103.167752474	80.0	0.0
40.8849447043	80.0	1.42767989871e-25
107.077545947	80.0	0.0
218.411272979	80.0	0.0
101.458348038	80.0	0.0
184.031380422	80.0	2.96424775631e-83
42.0959169082	80.0	2.10690978884e-34
69.4160265329	80.0	3.21488686398e-180
94.496189	80.0	0.0
96.9519337397	80.0	0.0
152.826250292	80.0	1.17547781758e-110
85.9353621897	80.0	0.0
153.990927744	80.0	2.42339350862e-132
146.966259156	80.0	9.97811663281e-229
98.1806218199	80.0	0.0
95.3192827735	80.0	0.0
136.155275273	80.0	0.0
32.9365296233	80.0	8.75472754077e-08
177.540562049	80.0	9.47949365887e-111
144.204326823	80.0	4.23961879838e-95
168.376840349	80.0	1.01815934584e-136
124.574100847	80.0	0.0
36.3513544962	80.0	1.24271697929e-18
99.4281799876	80.0	0.0
97.5894512629	80.0	0.0
82.0393145857	80.0	0.0
22.2194500056	80.0	1.57530335483e-07
161.624409905	80.0	7.71272264218e-140
30.5337979858	80.0	0.957315836071
137.712590765	80.0	0.0
158.17287617	80.0	7.84173285712e-134
142.47328502	80.0	3.8953475457e-311
205.090193157	80.0	0.0
39.3713225112	80.0	6.09482647132e-23
188.559289987	80.0	3.27443777701e-89
23.767431417	80.0	7.3588777432e-13
120.86322019	80.0	0.0
98.0571054206	80.0	0.0
119.605830343	80.0	0.0
85.2540643473	80.0	0.0
59.8842764546	80.0	9.62797768662e-55
20.8026228687	80.0	7.20240686046e-09
123.723730538	80.0	0.0
186.401135273	80.0	3.30868996523e-96
92.4172635002	80.0	0.0
58.5073035654	80.0	6.93462984674e-49
31.1761385794	80.0	3.39185453598e-13
36.5331223419	80.0	1.29721655322e-05
60.267121294	80.0	1.22430554138e-62
37.7027611203	80.0	2.44891937104e-20
66.220757058	80.0	3.8489606412e-127
26.2276673365	80.0	5.43850141453e-44
30.2662608818	80.0	1.36095438724e-26
189.358649991	80.0	3.46545028873e-102
46.7681876565	80.0	8.80231422919e-15
125.704395443	80.0	0.0
169.487891542	80.0	4.1179809621e-102
113.054829071	80.0	0.0
43.0908075025	80.0	1.89138019698e-16
54.2816514115	80.0	2.02812823781e-51
