198.307790267	80.0	0.0
226.540059149	80.0	0.0
293.186813339	80.0	0.0
333.796786627	80.0	0.0
268.833985889	80.0	0.0
203.301193693	80.0	0.0
177.864887626	80.0	4.15859748174e-237
304.166766345	80.0	0.0
160.343175447	80.0	0.0
228.93287168	80.0	0.0
258.700407488	80.0	0.0
333.029775893	80.0	0.0
170.000430249	80.0	0.0
247.364882971	80.0	0.0
147.749546181	80.0	0.0
209.619086223	80.0	0.0
287.283563008	80.0	0.0
216.968579796	80.0	0.0
201.21126959	80.0	0.0
165.742467733	80.0	0.0
253.928740303	80.0	0.0
294.939410211	80.0	0.0
288.632274763	80.0	0.0
316.951786854	80.0	0.0
169.629547764	80.0	0.0
303.846715969	80.0	0.0
263.803200958	80.0	0.0
262.184866607	80.0	0.0
351.162383424	80.0	0.0
147.195033929	80.0	0.0
295.700701421	80.0	0.0
318.303289901	80.0	0.0
257.456328271	80.0	0.0
210.865786762	80.0	0.0
308.077596671	80.0	0.0
168.541690993	80.0	0.0
244.828716921	80.0	0.0
235.598610782	80.0	0.0
278.323118779	80.0	0.0
170.283381939	80.0	1.0
197.657221159	80.0	0.0
231.075230896	80.0	0.0
300.545348644	80.0	0.0
322.266646545	80.0	0.0
283.27646617	80.0	0.0
185.099859895	80.0	0.0
345.850376291	80.0	0.0
323.420311377	80.0	0.0
260.913146497	80.0	0.0
314.754783401	80.0	0.0
272.843659813	80.0	0.0
338.649418699	80.0	0.0
312.187367781	80.0	0.0
332.185502252	80.0	0.0
333.816273486	80.0	0.0
177.10207035	80.0	6.56137468061e-253
174.712057702	80.0	0.0
233.460810768	80.0	0.0
329.206436695	80.0	0.0
218.577070597	80.0	0.0
196.602260738	80.0	0.0
333.088296217	80.0	0.0
242.820873263	80.0	0.0
327.302784047	80.0	0.0
184.437517227	80.0	0.0
291.360668796	80.0	0.0
237.171410312	80.0	0.0
171.892087359	80.0	1.18737376527e-25
281.1703359	80.0	0.0
207.257050783	80.0	0.0
154.126961355	80.0	0.0
173.620943691	80.0	0.0
164.022574703	80.0	0.0
327.765972103	80.0	0.0
292.996521758	80.0	0.0
333.83676005	80.0	0.0
280.054189194	80.0	0.0
243.967344851	80.0	0.0
218.826517551	80.0	0.0
352.43220156	80.0	0.0
222.239981454	80.0	0.0
250.3034823	80.0	0.0
244.729423384	80.0	0.0
365.955608375	80.0	0.0
193.580962801	80.0	0.0
214.516478098	80.0	0.0
264.549678846	80.0	0.0
154.604414356	80.0	0.0
279.909972458	80.0	0.0
248.58506701	80.0	0.0
206.256774869	80.0	0.0
207.325433067	80.0	0.0
246.689277468	80.0	0.0
232.592530155	80.0	0.0
236.719290157	80.0	0.0
235.804266415	80.0	0.0
350.547661885	80.0	0.0
192.736746237	80.0	0.0
181.827880919	80.0	0.0
221.3346401	80.0	0.0
271.725655699	80.0	0.0
287.302038404	80.0	0.0
241.767108581	80.0	0.0
347.537768106	80.0	0.0
234.083873986	80.0	0.0
305.850971102	80.0	0.0
286.097205221	80.0	0.0
323.920559721	80.0	0.0
349.199686471	80.0	0.0
326.829888087	80.0	0.0
298.018697597	80.0	0.0
296.081669842	80.0	0.0
212.19930473	80.0	0.0
185.849634962	80.0	0.0
162.19153599	80.0	2.48022258652e-243
200.801365528	80.0	0.0
246.572501788	80.0	0.0
261.66419609	80.0	0.0
300.053435253	80.0	0.0
340.051883561	80.0	0.0
178.434272739	80.0	2.78049807102e-262
171.96145001	80.0	0.0
268.484198993	80.0	0.0
295.962016533	80.0	0.0
335.745831726	80.0	0.0
332.71008784	80.0	0.0
355.089244858	80.0	0.0
230.470628612	80.0	0.0
206.098784378	80.0	0.0
180.893216481	80.0	0.0
294.825923078	80.0	0.0
283.717729622	80.0	0.0
321.855526256	80.0	0.0
176.490408106	80.0	0.0
252.926700308	80.0	0.0
278.705608141	80.0	0.0
205.986613152	80.0	0.0
180.897291619	80.0	0.0
325.24268951	80.0	0.0
166.159972226	80.0	0.0
230.856875273	80.0	0.0
187.979891183	80.0	0.0
243.842183657	80.0	0.0
363.319330074	80.0	0.0
242.617214124	80.0	0.0
323.699082921	80.0	0.0
190.858333628	80.0	0.0
208.173692812	80.0	0.0
244.877066791	80.0	0.0
244.364677141	80.0	0.0
292.26623848	80.0	0.0
229.863148799	80.0	0.0
299.841947323	80.0	0.0
299.342930049	80.0	0.0
227.478722147	80.0	0.0
225.677342429	80.0	0.0
278.765687635	80.0	0.0
160.195201	80.0	0.0
311.229343384	80.0	0.0
279.214035578	80.0	0.0
307.50110168	80.0	0.0
261.640457748	80.0	0.0
171.172200999	80.0	0.0
247.837219063	80.0	0.0
231.420115366	80.0	0.0
205.451113372	80.0	0.0
155.495391528	80.0	0.0
290.607197711	80.0	0.0
169.942677419	80.0	0.0
278.995074197	80.0	0.0
285.438181266	80.0	0.0
277.674577777	80.0	0.0
334.376393826	80.0	0.0
188.41040426	80.0	0.0
340.443317409	80.0	0.0
176.799588334	80.0	0.0
262.163144891	80.0	0.0
234.833351783	80.0	0.0
266.377804617	80.0	0.0
213.571312674	80.0	0.0
192.330210351	80.0	0.0
167.055524001	80.0	0.0
260.754028104	80.0	0.0
336.012315768	80.0	0.0
229.144006497	80.0	0.0
177.901504473	80.0	0.0
173.065035935	80.0	0.0
161.586646428	80.0	0.0
188.887320322	80.0	0.0
176.893696457	80.0	0.0
204.224585866	80.0	0.0
172.964538292	80.0	0.0
170.824942065	80.0	0.0
331.059096824	80.0	0.0
182.906679801	80.0	0.0
265.965803611	80.0	0.0
300.028202462	80.0	0.0
251.898482915	80.0	0.0
162.855988347	80.0	0.0
195.020744451	80.0	0.0
