66.6138741005	80.0	2.65215114388e-117
94.2512680937	80.0	0.0
161.931738395	80.0	2.14049969216e-141
203.791600965	80.0	0.0
131.579997769	80.0	0.0
76.108482223	80.0	0.0
30.2460265246	80.0	2.24893623096e-15
170.640726359	80.0	6.92336662122e-161
31.0299819364	80.0	8.09642744571e-30
100.541338071	80.0	0.0
136.932265146	80.0	0.0
207.982495078	80.0	0.0
40.7246924283	80.0	5.45983602906e-09
109.667277445	80.0	0.0
26.1497697376	80.0	6.6351779877e-38
93.278943351	80.0	0.0
153.459770118	80.0	0.0
80.8560156975	80.0	0.0
70.9544146017	80.0	1.41380176067e-149
47.4967038708	80.0	3.69796589516e-28
136.134218827	80.0	0.0
168.196737501	80.0	1.17592543981e-142
162.856325328	80.0	2.85189376144e-160
215.256954121	80.0	0.0
33.2144165103	80.0	8.33102816042e-45
159.162398753	80.0	1.47865185297e-183
145.12294366	80.0	0.0
141.706003471	80.0	0.0
218.695781552	80.0	0.0
35.0816638971	80.0	2.22293499347e-31
167.082088647	80.0	1.34995751386e-144
187.599384337	80.0	8.30824253245e-134
130.80086323	80.0	0.0
86.1594558367	80.0	0.0
186.936799718	80.0	2.24811789146e-116
43.1807643352	80.0	1.02579152352e-21
117.035102195	80.0	0.0
125.207955513	80.0	0.0
163.600424576	80.0	2.14214548043e-158
38.2045674251	80.0	1.24684744637e-24
73.0934142804	80.0	2.6957492327e-282
102.527567318	80.0	0.0
158.130714791	80.0	0.0
202.22617701	80.0	0.0
148.696685591	80.0	0.0
53.0581317592	80.0	3.36282006789e-51
219.73804575	80.0	0.0
201.979616149	80.0	1.39896405935e-74
124.761192175	80.0	0.0
210.025570092	80.0	0.0
137.98836997	80.0	0.0
207.707910216	80.0	0.0
192.879063031	80.0	9.55806216849e-131
207.59607372	80.0	0.0
206.894751198	80.0	0.0
32.4915252656	80.0	1.44447500125e-08
57.7622043376	80.0	5.71886175738e-68
104.189014919	80.0	0.0
217.835481439	80.0	0.0
82.5047692946	80.0	0.0
56.0509291599	80.0	1.66744144978e-35
201.836488934	80.0	0.0
110.877683815	80.0	0.0
207.568243956	80.0	0.0
60.6170417515	80.0	9.82429182865e-39
154.295720266	80.0	3.86736311489e-168
118.369637783	80.0	0.0
41.201670756	80.0	2.86515841715e-05
165.264075936	80.0	1.34463144902e-150
70.5929494971	80.0	1.32907908355e-311
29.514716389	80.0	1.50397127585e-12
45.8391551028	80.0	1.78754362508e-10
38.5959269135	80.0	8.85138966378e-41
200.040489251	80.0	6.85250278616e-16
170.183161527	80.0	9.54665205371e-160
203.408015024	80.0	0.0
159.644409198	80.0	9.47059590613e-133
131.438589019	80.0	0.0
86.6354073408	80.0	0.0
226.280827594	80.0	0.0
93.6733901432	80.0	0.0
120.739456953	80.0	0.0
110.434009282	80.0	0.0
224.30484473	80.0	0.0
62.337074577	80.0	1.84106305065e-77
94.3113926388	80.0	0.0
158.537444504	80.0	7.80384836945e-168
31.9147868274	80.0	5.5836275688e-31
152.123980684	80.0	0.0
120.989176093	80.0	0.0
82.3219486863	80.0	0.0
74.2209990507	80.0	0.0
127.386402397	80.0	0.0
99.7963891092	80.0	0.0
116.10241596	80.0	0.0
97.5597602824	80.0	0.0
224.956196927	80.0	0.0
57.9208409275	80.0	1.55232711058e-44
49.4375341925	80.0	8.210813231e-26
91.8306113507	80.0	0.0
148.185648926	80.0	0.0
157.095284639	80.0	3.0724272169e-149
107.094270554	80.0	0.0
222.653946584	80.0	0.0
97.132868235	80.0	0.0
169.677461181	80.0	3.78456395397e-188
154.110167305	80.0	0.0
188.056457793	80.0	2.24992813047e-126
225.135155459	80.0	0.0
199.579813077	80.0	2.42020033651e-49
172.312253753	80.0	6.65912048312e-164
162.931842875	80.0	1.52031840397e-139
91.4815077992	80.0	0.0
52.6721696878	80.0	1.72745470757e-45
36.8707018565	80.0	7.10620783658e-45
78.3303967475	80.0	0.0
110.471266458	80.0	0.0
127.943633668	80.0	0.0
176.067832325	80.0	1.93446729109e-160
217.052760893	80.0	0.0
47.6654442427	80.0	3.69425992931e-30
43.0080347189	80.0	1.86477142142e-07
144.583807938	80.0	0.0
172.227694217	80.0	1.45502292103e-147
201.750020252	80.0	0.0
210.462668198	80.0	0.0
222.154608896	80.0	0.0
98.9532442124	80.0	0.0
96.1799424583	80.0	0.0
57.3958272197	80.0	2.34481329749e-47
163.646473523	80.0	4.9302913924e-159
155.229396566	80.0	9.37526182726e-159
196.840822092	80.0	9.16319769294e-74
51.2621539349	80.0	2.84601638714e-15
124.010747803	80.0	0.0
142.961515102	80.0	0.0
71.8412506267	80.0	0.0
61.587116848	80.0	7.09546160157e-69
197.073779666	80.0	5.21157222971e-89
36.0291717509	80.0	9.80275964313e-37
110.154959136	80.0	0.0
49.7647391007	80.0	7.67802843904e-30
119.27084822	80.0	0.0
229.660257954	80.0	0.0
112.997930618	80.0	0.0
194.55967586	80.0	5.90382566923e-84
54.7670515374	80.0	1.82979569709e-55
79.7589779806	80.0	0.0
106.825198837	80.0	0.0
110.194011076	80.0	0.0
163.995169298	80.0	3.20543136388e-160
101.433737649	80.0	0.0
165.119934982	80.0	3.40501004266e-176
157.443699083	80.0	5.46152437994e-282
103.380733991	80.0	0.0
101.31204516	80.0	0.0
143.223956054	80.0	0.0
44.1009252968	80.0	0.834893125157
184.62517866	80.0	8.47147899121e-139
153.715616395	80.0	2.30993851607e-143
177.786579412	80.0	6.91125231767e-187
133.693829344	80.0	0.0
42.7000454005	80.0	2.197498905e-14
107.487741099	80.0	0.0
107.239457015	80.0	0.0
91.59117886	80.0	0.0
30.9839004432	80.0	0.00243881389133
170.963173739	80.0	1.43497996616e-172
42.0260719667	80.0	1.28587912435e-06
146.947125947	80.0	0.0
166.538886946	80.0	6.60835518108e-155
148.893812646	80.0	0.0
213.320868318	80.0	0.0
55.1227846288	80.0	5.35664069576e-34
201.055471819	80.0	3.72140775159e-85
34.402021935	80.0	5.8018292683e-06
132.358423775	80.0	0.0
107.391802038	80.0	0.0
129.383397193	80.0	0.0
92.3837027701	80.0	0.0
69.1420503494	80.0	1.39807802071e-138
32.5508135493	80.0	0.00012456197183
130.020925813	80.0	0.0
196.644193131	80.0	7.81918071874e-90
105.456161457	80.0	0.0
67.7734609007	80.0	8.0055734397e-128
42.5810031576	80.0	2.22760762229e-12
44.7143355092	80.0	0.162507553123
66.393816059	80.0	2.69023755969e-144
45.4026361037	80.0	2.37156691456e-18
75.1277080562	80.0	0.0
36.5616866767	80.0	4.33056425195e-43
37.3485650333	80.0	6.04144701773e-37
199.398138175	80.0	4.0742805985e-97
55.4975299531	80.0	1.4267004314e-39
139.036161179	80.0	0.0
177.925482414	80.0	9.88608824501e-142
123.529118498	80.0	0.0
53.8259258114	80.0	5.11523041444e-40
67.0959715927	80.0	7.44167024482e-121
