147.447787447	80.0	0.0
175.484918181	80.0	0.0
236.726611803	80.0	0.0
281.661721416	80.0	0.0
220.144967169	80.0	0.0
154.136890047	80.0	0.0
117.930968117	80.0	6.50195719915e-139
245.012719546	80.0	0.0
112.564062532	80.0	5.4929298332e-146
180.260567969	80.0	0.0
208.429073849	80.0	0.0
282.863150423	80.0	0.0
111.709455996	80.0	1.9642177747e-12
189.906613406	80.0	0.0
102.710438023	80.0	3.85912421416e-300
169.667075976	80.0	0.0
233.20329623	80.0	0.0
158.461697294	80.0	0.0
148.015308036	80.0	0.0
115.632517208	80.0	1.26121543606e-103
205.883238686	80.0	0.0
241.643551875	80.0	0.0
235.550331999	80.0	0.0
279.739643215	80.0	0.0
113.235182782	80.0	1.39320283715e-177
243.641395784	80.0	0.0
206.35852195	80.0	0.0
213.409860834	80.0	0.0
289.043859066	80.0	0.0
100.5205898	80.0	2.90516765082e-269
239.948145166	80.0	0.0
264.048517067	80.0	0.0
212.107535758	80.0	0.0
155.520370669	80.0	0.0
265.510998166	80.0	0.0
113.889127954	80.0	1.2794628345e-54
196.308950677	80.0	0.0
186.275041599	80.0	0.0
228.376375337	80.0	0.0
120.887657993	80.0	5.48094521797e-62
142.287888719	80.0	0.0
178.484470186	80.0	0.0
241.848841565	80.0	0.0
266.463779667	80.0	0.0
233.967125995	80.0	0.0
129.241216952	80.0	4.09814342822e-226
291.249313059	80.0	0.0
267.672825632	80.0	0.0
207.965966358	80.0	0.0
279.271000853	80.0	0.0
216.822655066	80.0	0.0
288.105848391	80.0	0.0
265.459921403	80.0	0.0
274.358092484	80.0	0.0
284.03890883	80.0	0.0
122.849459582	80.0	1.43338047137e-132
128.517008078	80.0	0.0
180.36383909	80.0	0.0
283.545290624	80.0	0.0
157.632352947	80.0	0.0
138.247950377	80.0	0.0
275.520558577	80.0	0.0
188.220396781	80.0	0.0
276.257067005	80.0	0.0
133.542927078	80.0	0.0
244.144595451	80.0	0.0
192.384904104	80.0	0.0
120.572105217	80.0	3.86958396616e-75
229.601213091	80.0	0.0
148.129983485	80.0	0.0
102.028283454	80.0	0.0
114.208590936	80.0	1.17788976516e-129
109.841574523	80.0	5.38807692541e-156
268.757954317	80.0	0.0
249.720774331	80.0	0.0
286.381552486	80.0	0.0
237.531234057	80.0	0.0
203.494309031	80.0	0.0
163.390503993	80.0	0.0
305.727271467	80.0	0.0
167.826441191	80.0	0.0
198.129477051	80.0	0.0
190.973662213	80.0	0.0
310.486266018	80.0	0.0
138.521437792	80.0	0.0
168.894349975	80.0	0.0
228.783832639	80.0	0.0
106.345532731	80.0	2.99963952955e-254
235.443911571	80.0	0.0
199.167734179	80.0	0.0
152.433584246	80.0	0.0
149.426076972	80.0	0.0
195.132089073	80.0	0.0
177.07740468	80.0	0.0
188.513582776	80.0	0.0
178.219672245	80.0	0.0
302.000015762	80.0	0.0
130.9313568	80.0	0.0
127.999098387	80.0	0.0
172.873034479	80.0	0.0
222.683598054	80.0	0.0
233.04729603	80.0	0.0
187.169355199	80.0	0.0
301.367997572	80.0	0.0
175.01163711	80.0	0.0
252.550631469	80.0	0.0
237.880198675	80.0	0.0
268.507261187	80.0	0.0
296.952827834	80.0	0.0
279.121768826	80.0	0.0
245.351958889	80.0	0.0
240.607007293	80.0	0.0
157.249010822	80.0	0.0
127.839125985	80.0	0.0
117.553750703	80.0	1.28539336514e-51
147.92335888	80.0	0.0
189.266306972	80.0	0.0
212.865002658	80.0	0.0
244.445135622	80.0	0.0
285.821053506	80.0	0.0
119.155125102	80.0	2.28390050844e-118
115.560556435	80.0	2.43056670469e-48
218.088377211	80.0	0.0
248.855166104	80.0	0.0
279.372017041	80.0	0.0
282.401184991	80.0	0.0
300.988735837	80.0	0.0
171.630556845	80.0	0.0
164.547936175	80.0	0.0
124.215113755	80.0	7.02516165354e-228
242.480326248	80.0	0.0
228.286182045	80.0	0.0
273.402560482	80.0	0.0
128.288568072	80.0	3.85274218755e-299
198.783846177	80.0	0.0
226.419044907	80.0	0.0
154.498506018	80.0	0.0
138.099904261	80.0	0.0
274.013130059	80.0	0.0
112.465996416	80.0	3.46421806569e-178
179.41422855	80.0	0.0
127.900006542	80.0	8.58777333064e-84
187.667142427	80.0	0.0
303.909635376	80.0	0.0
189.636128063	80.0	0.0
272.901258717	80.0	0.0
138.569422192	80.0	0.0
155.549158548	80.0	0.0
187.274429249	80.0	0.0
189.676850948	80.0	0.0
241.081358222	80.0	0.0
174.460330523	80.0	0.0
247.776812658	80.0	0.0
239.148382155	80.0	0.0
175.218691354	80.0	0.0
171.918209753	80.0	0.0
223.015685597	80.0	0.0
114.144231294	80.0	6.08363007785e-32
267.129938383	80.0	0.0
229.69679608	80.0	0.0
255.598785484	80.0	0.0
206.833833371	80.0	0.0
109.486918301	80.0	7.10391341609e-97
195.074477569	80.0	0.0
186.647739076	80.0	0.0
154.603810764	80.0	0.0
107.74634722	80.0	3.26179031135e-203
239.98516212	80.0	0.0
125.950004979	80.0	9.71746322055e-77
231.126424048	80.0	0.0
234.881402336	80.0	0.0
219.321582882	80.0	0.0
279.812896872	80.0	0.0
130.417961123	80.0	0.0
277.910526743	80.0	0.0
125.439713391	80.0	3.34563470319e-79
208.638351693	80.0	0.0
188.681311698	80.0	0.0
209.344349006	80.0	0.0
166.855384132	80.0	0.0
148.072444285	80.0	0.0
115.212586014	80.0	1.71822879965e-146
208.578928365	80.0	0.0
287.599861785	80.0	0.0
180.95215023	80.0	0.0
130.345432619	80.0	0.0
121.003701199	80.0	1.76065440202e-152
111.245717118	80.0	0.999999999998
142.260079133	80.0	0.0
131.624419882	80.0	1.47459618961e-195
143.633289952	80.0	0.0
115.92788349	80.0	2.22161715039e-191
113.266980541	80.0	4.63943494742e-177
280.797642068	80.0	0.0
128.185417178	80.0	0.0
216.763671577	80.0	0.0
250.146298406	80.0	0.0
200.44156455	80.0	0.0
118.896212896	80.0	9.61741526911e-237
140.826190171	80.0	0.0
